C:\Users\trevo\Comedy Audio ML Efforts\Comedy Audio ML Efforts\V6_robot_recordings\2019-04-13 Cienna Nerdy Show at The Drake\jokes_and_pauses
pause_0.mp3
66.63017717631328
4.564403032027367
196.8362862901513
40.95690414495822
-0.6032025008431452
0.45836324274417867
pause_1.mp3
67.0914818534305
6.588203527016998
194.31013228580434
56.950648152109515
-1.0253142750607898
0.9332896964128369
pause_10.mp3
63.40992963833885
8.247440917919274
135.573202706095
0.9708672684992781
-0.556090793486794
0.4581780075220255
pause_11.mp3
67.55542607898843
6.340803783048407
207.4448681154135
61.391643183014985
-0.5126017562885074
0.4800389840404363
pause_12.mp3
57.10608577507329
2.3440063196331304
173.16619716283554
33.2322946704731
-0.08156098831936888
0.07855580555004943
pause_13.mp3
66.42516898732147
5.174299159805207
155.86013393049615
68.28323204858978
-0.45499012584565196
0.3817959687548857
pause_14.mp3
55.99629406621237
4.122434384532609
127.93554481447663
6.878958976037734
-0.13543287730892725
0.17094090260407496
pause_15.mp3
59.67452379408171
3.4650178327618137
116.92780670652174
9.00720159662018
-0.11810286479822854
0.12407114192701761
pause_16.mp3
59.45576160843221
3.8735866060776702
199.39746670798195
11.995700420615323
-0.09259753173881921
0.10061197770109782
pause_17.mp3
56.47245064353163
3.748051583627212
157.31065428637334
70.77241327838725
-0.17914093063406553
0.16331804459253704
pause_18.mp3
61.03371415633973
3.363515913155546
162.13219300839083
34.747107843044844
-0.11608335253372243
0.10344614892919743
pause_19.mp3
62.36403334950675
3.973420195300802
190.45605995566498
48.267629122153615
-0.1955230156506802
0.17203089226349427
pause_2.mp3
66.94144601956185
7.1929221836612545
208.07866285091382
52.47886594448406
-0.6584638345411125
0.6680924255457523
pause_20.mp3
68.06298766717144
7.3287017406248305
201.83556205496598
51.425177880725926
-0.49775937587761143
0.4758478703512668
pause_21.mp3
65.65582898791139
6.321856898123065
160.54758398625282
55.039905998270285
-0.4221215697228447
0.40162487310646977
pause_22.mp3
69.56513923655407
7.4047740922863445
234.3636541848074
19.61668512598779
-0.6630947086814362
0.7273745651808811
pause_23.mp3
55.96302698823718
3.2198964469348854
138.29039551485496
13.815925424159385
-0.12181031192469767
0.09759079594853211
pause_24.mp3
62.10214969788245
5.774662276757896
192.92330634862682
37.02285588436575
-0.2236347582129722
0.23586475658900838
pause_25.mp3
54.679268293455635
2.921996620875538
149.77346860875008
53.64072275260326
-0.07877023917258114
0.06929569556604205
pause_26.mp3
68.16170107112968
9.870894134962548
230.42848914949343
60.89771173689625
-0.7396785619924118
0.7485377160489319
pause_27.mp3
67.40769494135202
7.309652730129121
181.38226211236466
68.58589499644299
-0.8323778027514598
0.7881136068761963
pause_28.mp3
61.030046108193105
3.3108635821646453
191.92566178687187
56.057922639403856
-0.19669509768908736
0.1856405129504302
pause_29.mp3
62.46019211055566
8.053033749299805
93.62678863844772
14.973945426203912
-0.4381640375800793
0.4613818001109298
pause_3.mp3
63.188868274174204
5.453192223240179
223.51725804750748
65.25368370593999
-0.33142521371414174
0.3585104809924854
pause_30.mp3
56.886379246332105
4.714187771084282
217.60772346341514
57.97705619546008
-0.16203560686810448
0.17040034109454136
pause_31.mp3
64.94697259125768
6.607188771233215
298.8533320872491
1.162079332212569
-0.3138013345741867
0.348589314321509
pause_32.mp3
70.51228164804084
8.485997257450055
218.62689066225624
39.78413659403649
-0.9415912671246698
0.9652623592448957
pause_33.mp3
52.98951561488847
2.6515134820865227
135.75410680338976
18.38246806845125
-0.06643135162174597
0.06722935544629388
pause_34.mp3
69.0436630074307
8.414640553527041
219.26139681436135
49.32607618054119
-0.85986192449281
0.7608318785650163
pause_35.mp3
63.35628647647043
4.070945159270802
209.26206363317237
32.85354812664035
-0.1849183353699866
0.21848593603404065
pause_36.mp3
66.92327956110184
7.542916337315012
193.0398559228279
42.35509288949702
-0.6991672590306802
0.5947133340791004
pause_37.mp3
78.74259521166803
5.011174856572307
179.15744173241382
33.174203006340406
-1.1390112602182652
1.1373847286195287
pause_4.mp3
65.94211671521788
6.142611813039126
223.69425789092574
53.0521459600548
-0.5249054272984538
0.4332886043609859
pause_5.mp3
64.53200141407588
8.027145707435874
215.6864393756073
52.126776856230634
-0.9230539479869075
0.877347337448063
pause_6.mp3
56.628804899565424
3.2068047655739242
135.48721742214926
0.6983112818266606
-0.14984068278263932
0.1241550263975025
pause_7.mp3
67.36119100836109
7.778225957297961
171.66350604773427
68.49985751189809
-0.873824285564443
0.7280461444949458
pause_8.mp3
68.70226403775209
7.602926086355458
216.45668612130984
46.489247494516384
-0.9824946520607921
0.9800481363102336
pause_9.mp3
65.28773047596712
6.485135757905628
200.18878574020394
57.58679945165795
-0.40077322497624673
0.4570589199186947
