C:\Users\trevo\Comedy Audio ML Efforts\Comedy Audio ML Efforts\V6_robot_recordings\2019-09-05 Stand-up Science\jokes_and_pauses
pause_0.mp3
63.44081863256584
3.128148406004128
210.18717377822605
91.69970889674775
-0.31114616403383
0.29759162074635936
pause_1.mp3
69.7217145037613
10.123014104810894
214.09562940709992
62.92357285070687
-0.930096812469628
0.9394841490657272
pause_10.mp3
64.02411319657652
5.5643206354546715
216.64543247863628
45.764631489928306
-0.2951127048661921
0.26970930347802846
pause_11.mp3
61.82413302837926
8.999930038986188
237.45209808105975
61.659393514074765
-0.45674641980568764
0.4513524611692785
pause_12.mp3
59.379413329791774
5.73930355747761
231.70373202980147
9.620211484471568
-0.1297363915622575
0.12832119072746062
pause_13.mp3
49.09085413107019
2.489266381557812
--undefined--
--undefined--
-0.022708243584831703
0.02406156250241144
pause_14.mp3
55.71280480331817
4.46343636425382
199.623560705054
55.312994877013175
-0.08104764290793373
0.0953068717624307
pause_15.mp3
64.58030939363451
4.679045048654069
186.68147969499478
56.12379577731208
-0.44377566996921114
0.49629092352031096
pause_16.mp3
50.819181757431934
2.576315229210306
--undefined--
--undefined--
-0.0446473686418384
0.05120448532807016
pause_17.mp3
61.93943542302657
6.231256430859267
222.614215799792
45.90505604645665
-0.235851637997119
0.2352538174478483
pause_18.mp3
68.10417178185107
6.740208124440559
173.29467400712258
53.151924264455516
-0.5703806792092908
0.6385543356213096
pause_19.mp3
68.06420862252753
6.738602693131343
179.24634767956374
56.95094016911444
-0.6639855068627697
0.6765682494601719
pause_2.mp3
55.92370864204283
4.241303418620747
203.04229107689943
43.03947801239637
-0.12670292688865875
0.11705272381621333
pause_20.mp3
62.96665129661959
3.1471700659891226
208.30605584122716
69.0347057511007
-0.183900606361656
0.19757244002147042
pause_21.mp3
59.62159029959457
3.0853177845626685
176.69011177868109
47.847845698331405
-0.0973498911290968
0.1044036401546244
pause_22.mp3
63.12203514518537
7.065105676918257
218.80093991378672
52.82446319862112
-0.2908127519640702
0.3224783354846161
pause_23.mp3
54.646829687729685
3.8513836146806955
223.8666106498552
15.66628077563324
-0.10660707096435608
0.14143308859184361
pause_24.mp3
69.73810924429868
7.239411621071448
189.5417260552194
59.97294065193156
-0.846604758227935
0.9815636311521985
pause_25.mp3
63.66655058920479
7.438846330748984
198.61854238552922
43.74198119737118
-0.571864345548433
0.49039143487000353
pause_26.mp3
75.94629773075177
7.125064493728638
217.05578758483261
49.59963850706017
-1.1209670942479537
1.0420693708560957
pause_3.mp3
60.14793842478118
7.063131374823186
203.86491555876776
58.48078728929568
-0.2707344772584612
0.30757252175985267
pause_4.mp3
57.06982653924606
3.965357075135944
165.18598859685034
40.34097207491181
-0.09737327212998406
0.09513883584169425
pause_5.mp3
56.88877906786549
5.103368297515759
134.0774984599055
34.33286257618007
-0.1361480881646999
0.10629013549294818
pause_6.mp3
51.31924433412143
2.16981612198111
125.13557861563893
2.459523559089974
-0.04100931696223069
0.04133256664360603
pause_7.mp3
66.3645610960817
5.821696720223474
197.88782406398101
25.25188488298284
-0.4504805023901628
0.4617024241379143
pause_8.mp3
66.02783142365712
6.286753884762529
211.30221794755298
43.50353259047683
-0.40082937952366954
0.47263640051572026
pause_9.mp3
50.05259313820239
1.876504006749705
--undefined--
--undefined--
-0.04246953774175155
0.037080119022960135
