C:\Users\trevo\Comedy Audio ML Efforts\Comedy Audio ML Efforts\V6_robot_recordings\2019-09-06 RoboCom\jokes_and_pauses
pause_0.mp3
62.618755236190474
3.055284879124965
132.11371509185537
30.78193103661034
-0.3560554798848424
0.4009183022976602
pause_1.mp3
67.12243434655608
8.167340662867822
134.08464163367876
1.0654144267097216
-0.6913990664190145
0.6930398927507917
pause_10.mp3
58.19495241008648
3.7798047147526446
267.52912611223877
39.00887155105373
-0.14094378485520503
0.14451076297593188
pause_11.mp3
67.52184172786672
8.067042133878202
202.09583779092222
60.24303157513552
-0.5338864388097574
0.5974077384195864
pause_12.mp3
65.61147805538093
8.374922778749703
176.78758502545531
34.716976503508185
-0.5932099980493287
0.6625645573740371
pause_13.mp3
70.39444283509286
7.832820732450471
206.58374612704392
56.81673799277813
-0.8237342282398289
0.773432184841936
pause_14.mp3
67.75897561891186
7.3209104201678485
228.76146388299648
64.66929997110753
-0.7589442355869523
0.6662849266421324
pause_15.mp3
64.01461089047986
3.84432124892713
211.92718964633642
52.87222887183778
-0.31756902582329916
0.32877605489792033
pause_16.mp3
59.57761269047275
5.774002695681465
185.08967207071743
59.65722476357346
-0.20144745017128896
0.22503150946121261
pause_17.mp3
57.547947047624575
5.935472917560025
200.85613565348442
29.216983908117015
-0.22432073463296556
0.23004155692275421
pause_18.mp3
56.79007211147701
5.913113615722709
212.05375461341958
24.177892296615287
-0.19206793005122882
0.21976893902789957
pause_19.mp3
61.20603851032242
4.40705208705757
181.32659308441626
80.60321111906025
-0.25907912469495276
0.27110690849650004
pause_2.mp3
69.80861373264652
8.978651431569965
208.76352908908254
69.35947633799978
-1.0073573571476042
1.0810877356836763
pause_20.mp3
53.542837940549866
2.800934616728439
137.2556020623578
27.37162349923335
-0.05122978752713214
0.05300925590385764
pause_21.mp3
69.47128660356223
5.6123592339602775
207.47237230962727
57.80581545413091
-0.4604997812628313
0.4882003602345749
pause_22.mp3
65.8217537791991
7.427595437914703
219.81943867884019
52.16959539405909
-0.6098110694165956
0.5131289153538148
pause_23.mp3
57.69755855634648
3.471652649833135
233.07212935012106
5.461273457942961
-0.12441301512503575
0.149504125454222
pause_24.mp3
63.70263967784185
8.682209393150226
181.95603940306412
63.665488015159774
-0.5203525082795791
0.44203003284364395
pause_25.mp3
54.704985731737274
2.547869944455905
134.3472754154833
3.2016000377102074
-0.08395080545463575
0.08751087460733456
pause_26.mp3
70.28937997591464
6.424404844467666
220.98364627585997
50.02418559742228
-0.6688766576536178
0.7791930973464529
pause_27.mp3
62.39283000608995
3.7274679058190903
169.37404882981247
48.7392301708182
-0.19955476990570942
0.2123399300458729
pause_28.mp3
65.61386350814102
7.426676859766369
224.45099769709591
49.99019680451377
-0.6366461275427668
0.7320785046040518
pause_29.mp3
70.8634301964808
6.074838937637218
198.35725133853572
76.69653788946499
-0.7122742863433498
0.7838270026362576
pause_3.mp3
55.100206096842086
2.4728925569285685
81.04134764543672
0.17392690817948453
-0.0755450945729848
0.06496063237110857
pause_30.mp3
61.94333873400367
4.123463058613056
199.20801944054128
68.5787133643967
-0.17732198600571425
0.1943649239275189
pause_31.mp3
59.68137316045208
5.056968289080216
193.3226709545459
69.9791812664823
-0.33477541827330237
0.3163786270058434
pause_32.mp3
67.87482099988918
7.414602236240358
219.03384675610351
51.89323533130896
-0.9107270764961922
0.8851880607653577
pause_33.mp3
69.25737872166657
7.622336361171201
196.5394271562124
73.93731854728215
-0.9230980498571061
0.8461553685066624
pause_34.mp3
66.26320764370813
6.3519771474392925
232.56142387040273
48.50626728231666
-0.5498233125329688
0.6289864468350385
pause_35.mp3
59.40753947315284
4.51381971102879
189.89633435332578
38.47101431967149
-0.16872759868023515
0.16967454836871823
pause_36.mp3
71.72185892331383
8.144436997711255
240.53163900748967
45.06240659765778
-0.9528781456720262
0.8966613176343781
pause_37.mp3
66.93001071437963
7.438051286927229
210.09730280112188
41.108450883112745
-0.6776261227490089
0.6165339516233115
pause_38.mp3
58.361287550928616
2.0430461255698806
--undefined--
--undefined--
-0.06826191714969837
0.08865978506785778
pause_39.mp3
56.17216613297943
4.517350712291266
144.97429382751824
4.877788976216964
-0.09901175891854565
0.1027578645813328
pause_4.mp3
69.33097571424953
8.175823815325765
197.06431114322206
62.260235974815835
-0.8829134989676188
0.903917703744445
pause_40.mp3
55.47848526466605
2.9268582803589327
110.57980855957287
1.8578438849511427
-0.08852738294895163
0.11817276188497777
pause_41.mp3
64.93716446834795
5.77691452941497
224.4946762518605
50.63210775945693
-0.3574447418175371
0.4124756818529821
pause_42.mp3
57.00769578587314
4.519586392981204
--undefined--
--undefined--
-0.2022789433684667
0.19147818064846753
pause_43.mp3
68.87068756046017
6.9462654899678045
188.09346742408553
44.73043117440099
-0.7855190874950955
0.84544494477554
pause_44.mp3
62.21874044841958
6.3482054362438145
222.4242080248094
11.152206194684792
-0.32092230756549145
0.33540437550854973
pause_45.mp3
55.995073645135214
3.3286650251449887
151.82688179961298
32.817261344500785
-0.0966735227680404
0.09526301970463726
pause_46.mp3
54.22171395289629
3.14261205375386
172.784941064484
32.45959771697061
-0.09272623408696441
0.1251055666121476
pause_47.mp3
56.657840517460905
5.143113029744872
250.70272622529362
18.871518088941446
-0.19350916952855474
0.17110626638766058
pause_48.mp3
70.39192897127019
5.303289003407104
207.89591422831268
51.75973766213974
-1.02751878237513
1.016023407753296
pause_49.mp3
65.42842803724923
7.153666010473754
199.68434117038075
67.24081592657973
-0.5114246802855894
0.5624569129436781
pause_5.mp3
53.30705491503298
1.9110863217796918
--undefined--
--undefined--
-0.041172746420767146
0.04227846566796832
pause_50.mp3
61.03037608630115
5.698441247448521
239.20126982839807
39.86472211179715
-0.21555406962623502
0.25464253606045245
pause_51.mp3
57.852586521055734
5.179113888969804
252.5845905175071
29.994134914470596
-0.17543350818139977
0.17618256464416213
pause_52.mp3
64.20446903085822
8.017900249534897
238.00473989985989
50.403522381090035
-0.5268538906547232
0.5423621833519782
pause_53.mp3
60.243020441242834
3.8859250424620395
200.76107848037046
19.550688635384947
-0.1565355390295486
0.19294208758067144
pause_54.mp3
66.75453427839061
7.200408138026401
238.8901095532439
36.229144724072476
-0.573416248955547
0.6217152106285814
pause_55.mp3
82.62634450542072
5.578564638380522
194.7981326048501
71.58865376494711
-1.222124169262965
1.2872163529006169
pause_6.mp3
60.38351165189909
7.801953474839553
194.4852962655504
75.24387403358536
-0.9854204736850504
0.9105047098960707
pause_7.mp3
62.75479062235204
9.00083764518461
182.31138855513683
61.444341224280976
-0.4061669416038339
0.4404253455702286
pause_8.mp3
53.60876788969627
2.1478347117133554
125.23790914481938
7.650464662468557
-0.048447314370535934
0.0587835038137156
pause_9.mp3
67.86720118176197
7.199330790263479
188.4897126748699
63.25967619250328
-0.5603157044718861
0.5123604475685474
