C:\Users\trevo\Comedy Audio ML Efforts\Comedy Audio ML Efforts\V6_robot_recordings\2019-09-19 Bombs Away Cafe\jokes_and_pauses
pause_0.mp3
58.98254547811608
3.994825815289829
198.05466632995373
55.99245797358142
-0.441982834270296
0.3896849459200996
pause_1.mp3
60.352777014503296
4.800620153754042
171.6537187219281
43.672125413834706
-0.23439911815216222
0.20916745919359678
pause_10.mp3
59.949145164811206
3.823539095743898
179.08181830779793
1.9493505629336674
-0.11910906037385179
0.12219821053982137
pause_11.mp3
63.043893590382
4.5269427818429655
171.92944580897873
69.62607947079015
-0.4254562932334944
0.45059151447391704
pause_12.mp3
70.87780041235163
6.00155279640238
156.99065684659865
57.8219088636554
-0.6148081202880493
0.7142989548586037
pause_13.mp3
69.95861158533857
6.67189697210895
209.42350942480775
61.85223885043772
-0.7745002810570771
0.8968916122076748
pause_14.mp3
65.75440448963269
6.470808990140633
214.38894341364391
50.20594069250811
-0.4239617654297962
0.4957574456663005
pause_15.mp3
64.86916442885155
5.759870800073757
182.54994783254764
46.73106522006083
-0.4391084262333356
0.5588452708270171
pause_16.mp3
54.045341975467714
2.3797248836102955
--undefined--
--undefined--
-0.04989312671011843
0.05623974222657512
pause_17.mp3
63.37850734436597
3.534820905161314
212.8331564953399
21.207591967026218
-0.26252917088987693
0.23182827975768783
pause_18.mp3
74.13179202663773
6.740167425583349
226.8740326359275
54.20806503558143
-1.1964710755410852
1.164225845760824
pause_19.mp3
67.02387029909417
7.1292083158536395
209.30965153758854
61.749097353585356
-0.8564002839254893
1.0638478344179736
pause_2.mp3
59.842969051559216
3.9172963513693313
140.671594026102
46.563974125781264
-0.13931399680004125
0.14758841458682007
pause_20.mp3
68.73662023689924
8.3042503849117
178.5680376180943
53.04831725088183
-0.983831844232996
0.9775649774079567
pause_21.mp3
66.26928624683173
7.3633557304962105
180.47167810701106
53.34621121792374
-0.7521553485203977
0.6999023766364877
pause_22.mp3
72.15635578540437
8.74820660157742
197.9625306691381
65.9445819835147
-1.1500928696319994
1.1380750493988698
pause_23.mp3
71.8000802072029
9.245809435899563
192.37495033488798
72.28513049168204
-0.8764693543583009
1.0399665159553264
pause_24.mp3
63.23372925880384
9.699956097820538
239.96721275862188
54.999194146527415
-0.6906298942997284
0.6301263628478263
pause_25.mp3
65.56296691117122
5.045385804877323
194.7411922812724
67.44987235771609
-0.38423758782362694
0.3795938536620197
pause_26.mp3
72.63022488667943
10.415923712656392
155.83369232483227
54.514915893505254
-1.0903986850008238
1.038830142963575
pause_27.mp3
57.60582238259818
5.9707360604305
220.32904501286487
7.731920176022109
-0.21732846342547435
0.25168215921961196
pause_28.mp3
61.48669630567506
6.067377964452195
199.95279339106526
51.84270669312789
-0.20399568456916162
0.24203442599604472
pause_29.mp3
62.37862741344389
6.587924072185677
196.34449774527386
22.81594077282193
-0.2964475392783658
0.31720771168624423
pause_3.mp3
73.26657771782668
6.82485619115893
238.0359664574029
34.436024367431045
-0.8923121384278564
0.8637764598846247
pause_30.mp3
61.654300247163015
6.7037328572974655
197.47980188314293
54.378679250223506
-0.24712801510436472
0.2785227023314668
pause_31.mp3
62.68670127910161
8.291265859431627
227.48058049734036
49.319077868046335
-0.3742768641465573
0.4553570170559473
pause_32.mp3
76.28469630715435
7.328913589475646
200.5959559805452
50.71742758189881
-1.3355883783022866
1.1998829779688223
pause_4.mp3
61.90682335709642
5.074880027394112
203.7025900424022
66.84154031315659
-0.19824867328847992
0.19471889561636244
pause_5.mp3
63.91220012592708
7.333061598529971
205.79152768283402
40.82293999006144
-0.3268450401688502
0.4149742818349956
pause_6.mp3
64.90171118678572
5.628492692673376
198.00946501194093
36.9755648131443
-0.367188128964538
0.3557459038373522
pause_7.mp3
56.28134098565006
2.7722424619863024
223.74644864373928
48.21703323035081
-0.09646218273085433
0.08177364930535981
pause_8.mp3
62.90643473383334
6.963925593053075
253.2194134605285
14.728364078172149
-0.35172523247403253
0.46615986019653055
pause_9.mp3
60.823122577759634
5.418156031083386
216.063392032682
39.64125956931883
-0.19803769883206773
0.2185883173697393
