C:\Users\trevo\Comedy Audio ML Efforts\Comedy Audio ML Efforts\V6_robot_recordings\2019-09-21 Laugh Track Town USA\jokes_and_pauses
pause_0.mp3
62.650243701294265
4.118030434706267
211.19336824674966
30.043677436796226
-0.28573729781316765
0.3680673519918368
pause_1.mp3
66.40253672557775
7.179141960332593
--undefined--
--undefined--
-0.8662602020632556
0.7827498445929051
pause_10.mp3
55.49462351642559
1.874895053066501
229.65761983375583
20.98239020369711
-0.04227612954147031
0.04735697323227515
pause_11.mp3
57.17349403513576
2.9311510623840564
234.52554248237672
42.50697258905899
-0.10328004792095659
0.09773870622752373
pause_12.mp3
57.0585088368291
2.344410791527874
77.23500011926649
0.18155339337956752
-0.17456565674668567
0.16355961612468695
pause_13.mp3
64.21852652622928
3.938504311774122
203.43258556723345
51.7600314568603
-0.20952986608011126
0.2586607083444067
pause_14.mp3
59.959550902496474
4.853386691898298
185.6645690080609
37.4656358208971
-0.17571253087228286
0.19635056530857198
pause_15.mp3
59.41454750257272
3.8371020292822346
178.793557028173
71.04671989467741
-0.23380431180538946
0.22317864988569858
pause_16.mp3
65.52634995088954
4.589304392328845
223.0607716998596
51.05780888821409
-0.37311904646829924
0.3494053422899893
pause_17.mp3
58.75485994205758
3.6114893273766
208.60889511313366
18.026170920816476
-0.12833228896069315
0.11948119620051258
pause_18.mp3
65.31638372009694
4.359150142117773
205.26647908347942
47.53414968086729
-0.2320188932543479
0.2570231873759534
pause_19.mp3
56.93087728552053
3.3747246705514566
219.59155869705697
14.4671573920074
-0.08551123479155946
0.0777814960174914
pause_2.mp3
64.2744929464555
3.7466608637678185
191.83861054951856
33.94821557303989
-0.2568236463910561
0.2722799421855754
pause_20.mp3
58.8350381921998
4.053942245292128
164.33684784746876
57.929573743303955
-0.12743560386021802
0.12819204161311937
pause_21.mp3
68.60876169752265
5.090431301528671
173.94542231771172
46.61793230239414
-0.4119448661878927
0.37921991714410885
pause_22.mp3
60.274058905347395
3.6124755046428167
219.53463334747806
41.418631533476464
-0.13806764651905779
0.13075632498257822
pause_23.mp3
59.971114151581745
4.195101758925313
203.9949771729117
61.363414750523155
-0.16341147099626854
0.14615490369090106
pause_24.mp3
58.505879346863146
5.780585230533855
194.61602241075744
63.034861179874504
-0.2507593916570986
0.27503509254495867
pause_25.mp3
60.727899926485414
4.7995509126288365
201.95360436529597
53.517492922625244
-0.2659217294683758
0.31020077894960213
pause_26.mp3
59.81913250053377
3.4345699114807235
224.5075379342133
60.49032915250043
-0.11001389872483516
0.16953747583685988
pause_27.mp3
61.191995678440044
4.050396200670973
204.24442008251052
62.26097207820988
-0.16540940301600868
0.1669141618247037
pause_28.mp3
66.19552014916427
4.490363275820944
198.59653367979962
32.51594457912904
-0.32587463012115664
0.32963685325671704
pause_29.mp3
65.98873618720232
5.785954731807173
209.34859225147338
46.249588430029824
-0.33827745154711436
0.3216671205601238
pause_3.mp3
56.31608648141921
2.547455901377449
180.03315866536627
80.35578828221573
-0.06628090057958273
0.07394948136067461
pause_30.mp3
67.06598581610332
5.711898193982005
180.1549251381193
39.35543028150452
-0.4443478664955824
0.35327560764728366
pause_31.mp3
64.08554891342102
4.281147489646623
193.3121044613283
55.36432393332776
-0.2497032495795442
0.26982150277126427
pause_32.mp3
69.23850962436057
8.47201089677748
186.9921939828267
38.738431925122946
-0.7817863898086516
0.8056314088276315
pause_33.mp3
75.90521345042492
5.899470033937013
221.01134581139007
52.49390658784757
-1.172732556964507
1.1065160785950365
pause_4.mp3
61.330175828434264
5.109502694219702
225.2742583689214
26.803618715886785
-0.20141129920178708
0.20114199019817694
pause_5.mp3
54.63085565843904
2.0235633066363232
79.85298287500656
1.355160892699588
-0.047241928224146044
0.04839217529521918
pause_6.mp3
63.286165619424544
4.577304691541027
172.6373091960199
46.40592037676186
-0.29471127411997694
0.3144109461847977
pause_7.mp3
60.687358960973626
5.578151317501485
178.25740102293787
38.69286237747849
-0.21481378645565338
0.2787494969164617
pause_8.mp3
53.95635276935271
1.573464185680272
131.038753234284
64.70655640444477
-0.06350957055119891
0.045431797690584065
pause_9.mp3
58.36333838099454
3.8943836662729825
229.84246594385104
29.154283104102838
-0.11756342618056677
0.11080146944669389
