C:\Users\trevo\Comedy Audio ML Efforts\Comedy Audio ML Efforts\V6_robot_recordings\2019-10-11 Singu-hilarity\jokes_and_pauses
pause_0.mp3
56.963563498098075
8.299949417479747
244.4899937898313
41.89435392237779
-0.6009017396578005
0.7217108853490298
pause_1.mp3
68.7982394048674
11.037209597674693
--undefined--
--undefined--
-1.191777702853106
1.206662818511066
pause_10.mp3
46.64202219080437
3.4741123170862993
243.13158633852288
9.63592382674209
-0.09598685599271667
0.11704272186329225
pause_11.mp3
53.591126499960964
8.551020427954802
237.12586565415617
26.291185011694754
-0.16921019118855096
0.1910945488618162
pause_12.mp3
46.33444969800263
1.982976195436605
113.27751768663772
6.7992458178593775
-0.028743407747560026
0.03310065703640424
pause_13.mp3
61.06528823862496
8.181208404765965
203.58322321806563
54.548642362100566
-0.5139775452760329
0.48439152562324356
pause_14.mp3
54.0582364885837
6.005942910946954
161.43153885194263
51.67569132373831
-0.11895972674058575
0.10313071997197087
pause_15.mp3
68.69799329435762
9.16280219536445
179.0812874926205
54.561316858196655
-1.2548129349030224
1.189882633655525
pause_16.mp3
60.21423569851119
5.328206412382121
190.4059778050689
60.997939292093925
-0.1428792551786758
0.19647409716099928
pause_17.mp3
63.39926918512005
7.469975427075485
166.53347795723147
79.72913447770961
-0.3493989865901782
0.4805688245012631
pause_18.mp3
67.63061361331505
10.086597544630202
196.5907181064908
52.170047390003134
-1.0307834306241481
1.0801343721961936
pause_19.mp3
60.58431588205665
4.652152985500342
221.71285791238518
37.51525025398635
-0.2701912925979321
0.26717103594237146
pause_2.mp3
63.407128532958495
9.843162490335484
228.21484619912252
42.73212292237211
-0.5168114387059353
0.5876921841033924
pause_20.mp3
57.26404173462208
8.458902467572692
201.98413510392606
52.59136655292855
-0.29907954470898823
0.3841207173554182
pause_21.mp3
66.35550755009943
7.0725144631311885
200.20871261824777
52.32031710526684
-0.9906635638118301
0.9362140324912581
pause_22.mp3
82.18887786084355
9.251835713987068
203.46375187862054
55.05154809074091
-1.2602279272351466
1.4068733819927763
pause_23.mp3
68.04140115779568
10.091105793671378
208.5413851871073
49.74297460190218
-0.9784850274837574
0.9440479215365314
pause_24.mp3
56.68789473371324
8.33897209780363
194.71245644078118
46.29465684683007
-0.2993027392137577
0.2814965978117159
pause_25.mp3
57.692759718094436
10.561480899696685
200.6336734917531
69.46596019235285
-0.28324447951442666
0.37754340591377367
pause_26.mp3
63.644858068210084
9.663962687353834
201.1644730170192
43.191350249859894
-0.676248913583945
0.6045808487178441
pause_27.mp3
72.71919566183462
6.599355083806841
184.01211539707884
66.17405570146842
-1.105469287918496
1.0809654651288108
pause_28.mp3
62.61366990084605
8.538809611807364
217.70645247771122
50.570778325175176
-0.3631797351826465
0.3771696316043384
pause_29.mp3
55.74404348087119
8.216322215807013
220.0674835700887
49.35919553084385
-0.32745389298477245
0.3069260343492005
pause_3.mp3
55.81236712869341
5.002848421495932
209.67858231818005
39.03070615103074
-0.1121942408039688
0.11941519791263387
pause_30.mp3
69.22565257330666
9.894621441353717
196.71118827305284
64.36974974221961
-0.9215551030576579
0.957718482498251
pause_31.mp3
64.06876028859796
11.337965714931778
224.36526532901226
58.54220175013249
-1.0852122422602553
1.0660786446816315
pause_32.mp3
69.1360263311172
11.522514996662949
201.57437824969173
47.128523928643524
-1.0939349168497694
1.1236405235806417
pause_33.mp3
82.30279327404766
4.59672130178547
224.72708093906695
36.31545646675512
-1.2958018479009052
1.6096299106534169
pause_4.mp3
67.67334166619823
11.044113999964797
222.22302930909623
47.58744704310294
-1.1524895185335546
1.1259333297336833
pause_5.mp3
45.497283741914366
2.5391353766772693
--undefined--
--undefined--
-0.024491105364852335
0.025425545262282537
pause_6.mp3
64.8352805625253
10.090211921168681
207.06623597152435
34.20441177391512
-0.46921354515840075
0.49505760766915113
pause_7.mp3
53.26855357067603
3.7680375170211207
237.54964632918808
32.86508718740362
-0.07074608246459337
0.0643826880678154
pause_8.mp3
65.23111284096028
9.79511940664506
199.25861103461634
48.3737600209328
-0.5318806828297578
0.5926500155270004
pause_9.mp3
67.66765123974854
6.899115917045663
215.1363457498334
35.52004587425091
-0.5545102273001898
0.5110411191812557
