C:\Users\trevo\Comedy Audio ML Efforts\Comedy Audio ML Efforts\V6_robot_recordings\2019-11-29 Comedy the Musical\jokes_and_pauses
pause_0.mp3
55.21707360406906
6.771351546110438
199.73839093703313
72.67789992524085
-0.30721325661870635
0.3421125841275415
pause_1.mp3
66.00329512907999
9.907648078934535
--undefined--
--undefined--
-0.7471929642416458
0.8901259811201122
pause_10.mp3
50.15285532092419
2.978773754075139
198.28631786221123
20.195043516145073
-0.054573188122255464
0.03320852628562142
pause_11.mp3
64.46327583511923
12.312024567161044
218.78319700899286
54.24330089939558
-0.7340255716449992
0.8455773106103638
pause_12.mp3
54.31105447228623
7.890051322189622
195.9724868573056
17.328849608473515
-0.4507127586845111
0.472720144392142
pause_13.mp3
59.339862371716066
5.7692722940868055
117.18810244203532
44.48265336631723
-0.15685094302052896
0.1863197584265844
pause_14.mp3
57.63150021735901
5.261047496158698
157.67331237333116
41.93549053379863
-0.12382546537601717
0.1532192250357481
pause_15.mp3
59.46684645529601
12.694509841780626
220.7213103810862
26.099978169086494
-0.5290176340794693
0.6593663278578673
pause_16.mp3
60.20176460664657
8.927664226280196
169.6539465231593
74.49147074569663
-0.5422608853062625
0.554114976332637
pause_17.mp3
65.48429258482103
11.241701888838177
208.42095165272892
61.82025303888808
-1.0218386811484947
1.0373601985075385
pause_18.mp3
65.95651194158126
9.600951831282128
169.69424941029274
61.45627474281079
-0.8096158432746325
0.8615890965610614
pause_19.mp3
66.9238873719575
12.109784323684506
185.60683622724426
39.26307601512971
-0.9032218813791807
0.9512750805936577
pause_2.mp3
62.90609907450096
12.2178990124795
168.5492737473564
54.10788134607497
-0.8485061158428071
0.914336869126128
pause_20.mp3
77.14125765250522
4.92571435447117
163.07538188637483
55.51961806566957
-1.1300153670885902
1.3509798230340548
pause_3.mp3
56.0092949826243
5.433701323809849
188.28549107773003
20.719515347327736
-0.17928328246893926
0.17254466106920266
pause_4.mp3
67.88922726672274
12.52942889712964
234.42626236352103
44.06066060707797
-1.0291379066197142
1.0070866957781315
pause_5.mp3
54.88836733340625
4.666633708296202
215.00667758029545
42.75268113825566
-0.0865601644061206
0.10257905197843407
pause_6.mp3
63.90007136093107
11.97548105910542
234.2299320728013
48.83727451316448
-1.1846674657768987
1.2908345715204546
pause_7.mp3
61.647511242406836
8.8006923680308
207.7377221566175
37.251597026272954
-0.4079191875239978
0.4353419356001953
pause_8.mp3
49.964104332714264
4.584046466061682
163.29819378063453
46.63780547048541
-0.07595337488921769
0.11016124617994297
pause_9.mp3
58.099068274541004
6.089323039223612
210.39074218524877
40.88947627769659
-0.18074625195756142
0.1873109877994383
