C:\Users\trevo\Comedy Audio ML Efforts\Comedy Audio ML Efforts\V6_robot_recordings\2019-11-29 Crapshoot\jokes_and_pauses
pause_0.mp3
61.264040931494
8.353125825283312
218.17761405035748
46.89391143849656
-0.37271061193364297
0.3487428204961539
pause_1.mp3
66.70822298410442
8.686842405555328
240.07533645429274
41.62858036138655
-0.814232274100094
1.0171042839571396
pause_10.mp3
51.637939844234545
3.750559266439662
170.29203758096818
28.92093933023743
-0.05699366666213041
0.046614876635608954
pause_11.mp3
62.37366371416517
6.812399602261614
187.46639077684316
43.11748663757067
-0.26579269293414354
0.6021513361986083
pause_12.mp3
51.34209215821016
6.527084952794769
227.95556681506054
42.17054761919117
-0.1321628694018156
0.12326041136149901
pause_13.mp3
66.04587250420923
7.018156406656934
197.2757522422126
38.744844924768316
-0.5775210139029535
0.4673325718142267
pause_14.mp3
67.17553333871949
5.59924413103122
216.52752683295796
53.347953058761085
-0.5474762766121349
0.6193303052396454
pause_15.mp3
54.691945242172764
7.110977022731351
208.21938237296465
42.89952941652438
-0.1335237108845296
0.15354857919688442
pause_16.mp3
62.38120681655977
7.380467576418613
194.7096267005421
56.195071948587675
-0.3098668589727655
0.2978829235816932
pause_17.mp3
62.44410271442457
9.36577023500843
173.5434711602275
58.89570263874171
-0.8480284408929396
0.9303821136488497
pause_18.mp3
61.78759467916022
8.357115546420289
180.0051466285617
59.2480389187801
-0.3668764639352371
0.33895684608552185
pause_19.mp3
64.77399270960056
8.966010893543087
177.78780018718052
56.051264211812686
-0.6456613248457654
0.5707175817868736
pause_2.mp3
63.97016872912052
8.861469197149503
184.8583695296984
47.84741302777107
-0.565603738511764
0.5427192843018861
pause_20.mp3
76.33103926437757
5.731544912109476
163.96542520484002
51.437738592208305
-1.0554359161292488
1.1175490724301207
pause_3.mp3
48.08959843384714
3.4607955386938727
193.90843294905844
39.549539433266496
-0.03107697155416165
0.030356219080586683
pause_4.mp3
67.80912465002275
6.8361443382363865
187.1748329621131
53.621234743770685
-0.9040730281636883
0.8232076846668829
pause_5.mp3
52.10727271411167
5.780491780480985
226.1595391273927
10.697016925894351
-0.1688240824127198
0.1536588646313514
pause_6.mp3
61.95332052101333
10.131456618825283
179.15522043064382
56.15049146041243
-0.6734440662520552
0.6840356441520327
pause_7.mp3
57.130985741994735
9.141860367589997
170.7431947670147
46.89548030868163
-0.3548100771871919
0.35429400460789184
pause_8.mp3
47.364185137845524
3.1524958841022626
249.43756593106352
68.86730680996799
-0.04206190759815353
0.046600616292020676
pause_9.mp3
52.65690717988272
7.503552388673378
159.52478619506644
62.427077788084915
-0.12794327971153632
0.12076215021300903
