C:\Users\trevo\Comedy Audio ML Efforts\Comedy Audio ML Efforts\V6_robot_recordings\2019-12-09 Singu-Hilarity in San Francisco\jokes_and_pauses
pause_0.mp3
50.808316692927725
7.692142485883325
182.8354369527942
43.553165041542336
-0.08968871787147087
0.1396576226360169
pause_1.mp3
65.92336681861328
8.824320441578204
152.93283483262994
0.5641524776221232
-0.7297837993807933
0.9202681997835283
pause_10.mp3
56.930085944989386
5.698012040558655
163.53590537065702
26.565263004556115
-0.1322332207357397
0.10765554206095458
pause_11.mp3
59.101418262681065
11.36935055163324
176.32840608158938
63.023438725763064
-0.3274597650921652
0.3848379026259349
pause_12.mp3
61.19019723773433
5.26952297193837
176.32700814175595
38.920179581726835
-0.15533846613388574
0.17227250231914149
pause_13.mp3
48.11995356411995
5.089185818240713
180.06178988572543
20.36621389917191
-0.05896108941708448
0.057198077595745286
pause_14.mp3
54.56994541755314
9.566766845348889
181.2681602426101
60.38948217820265
-0.2235170546556335
0.27046883995575266
pause_15.mp3
55.30001140037145
4.738043505587297
173.79064135054207
73.47383211137263
-0.06460106514838096
0.06923549515019592
pause_16.mp3
58.96300565288709
4.675671096861912
182.79062774716434
56.31621068980976
-0.10592407803870679
0.11435516013747624
pause_17.mp3
57.860996300606296
6.723119206266711
159.48241259010277
47.44397823349395
-0.14829219293355544
0.13339179005408736
pause_18.mp3
46.82739578540747
3.3519763950720107
122.39133056297473
38.72829502309525
-0.036448527430532604
0.0330051315052526
pause_19.mp3
61.59100596947813
9.683613824040634
170.5223220031799
44.90878413400766
-0.4226389100248199
0.40258507105606656
pause_2.mp3
65.20669540229333
12.680695700120268
175.84127800375063
37.97137039633812
-0.8816989324682172
0.8510777595014136
pause_20.mp3
51.170899164664284
6.861685845491372
149.7242673005072
50.47194136664671
-0.12861925513240569
0.12970920657300897
pause_21.mp3
49.413121962012276
5.5324116449047045
183.25950088839406
21.91493678911459
-0.04884566628904194
0.04282594166244526
pause_22.mp3
55.98150759383498
8.684397963720992
168.1766359611554
31.941558005034313
-0.1709995829833562
0.1959820698624078
pause_23.mp3
61.09074285299529
6.085331038362118
199.60561240330287
37.79426193151251
-0.2072936744719665
0.18471023940314557
pause_24.mp3
50.67193234408447
5.1806026869980775
133.89946680521442
47.70937350897531
-0.07514648875039123
0.07488852161668853
pause_25.mp3
56.24250945341191
8.077092208989836
179.13528517124172
36.59154840957717
-0.14725922345807527
0.16297219499907664
pause_26.mp3
61.08557340155281
9.81522337077097
245.00674257578422
53.77179631897504
-0.40573635137432096
0.6603797658766143
pause_27.mp3
50.68722305321634
6.555477952998221
138.48772301652568
62.9946056373453
-0.09072111431304443
0.09881721709057369
pause_28.mp3
51.31371018725271
5.835966866067938
169.87831154670207
26.049637284149004
-0.10817891050989
0.09275311667712122
pause_29.mp3
53.27252696303132
7.391715291714989
181.4532867337928
34.70771040127646
-0.1489610504886249
0.18069312722274636
pause_3.mp3
51.085602512931075
4.969734661215655
163.93145630235705
67.92739874555214
-0.061706468509608516
0.06706255941243496
pause_30.mp3
67.15382661621437
9.26169307466146
230.41336383787558
40.02440960102148
-0.6283090889378838
0.7590318565466347
pause_31.mp3
69.06279994022256
10.443379047373233
224.55589590649572
48.32609328832131
-1.0540845632108895
1.1572694572908777
pause_32.mp3
45.17519558949029
2.0482619520132914
--undefined--
--undefined--
-0.03342143494773238
0.02242589959769562
pause_33.mp3
56.65619841497506
4.226023630415972
181.15437909667463
29.02458524895615
-0.07216216937099339
0.08856746775758764
pause_34.mp3
60.62941940069145
11.150997199322841
187.53496971187298
52.998601346271755
-0.46075235119363267
0.5305648720006178
pause_35.mp3
55.75601167991072
7.036607795318713
184.04413176426505
46.73700459405949
-0.12534754168973433
0.15239479063215527
pause_36.mp3
44.67514146519412
2.4307782007848044
139.37696944008297
1.6945258949411817
-0.01606237187825613
0.019417848195532043
pause_37.mp3
44.826461156390096
2.3308473979727404
--undefined--
--undefined--
-0.019289009158420356
0.023964939470058788
pause_38.mp3
54.504810529976126
8.77377654187173
168.36673827555035
46.73610115697591
-0.17313503874509914
0.19491156223262035
pause_39.mp3
61.941139596222946
8.752952124133396
209.11729707006572
29.49314787374164
-0.5281981848989521
0.508944652590913
pause_4.mp3
63.993162419041184
11.952778456800775
203.23587450705364
64.1953247390873
-0.6212809682521231
0.6018391560843848
pause_40.mp3
47.48835556246136
3.260509185131845
151.21792204797305
9.235028740970069
-0.05086570778108663
0.04073496581958936
pause_41.mp3
60.88971457966336
10.129954190442106
210.74531254837413
44.01149037584127
-0.4726518621960051
0.570173328758585
pause_42.mp3
66.06101314646992
7.132918980157695
217.81595371694144
56.19655365315952
-0.6194277917102846
0.5644499177571961
pause_43.mp3
54.293326348656166
4.707961273351636
176.16253607074893
49.39351236165637
-0.07647052200326882
0.0839457007346803
pause_44.mp3
47.15083258179985
4.529626064694439
195.98616696295946
6.307992997987684
-0.14822340352217206
0.08236408819606923
pause_45.mp3
56.25435894624862
7.816880277269415
149.60250600227405
50.46734534777658
-0.2832733567920664
0.34016148807691365
pause_46.mp3
47.363509623641754
3.848213090020326
167.07481350090305
35.108461296285334
-0.04037356236177213
0.03623676672631766
pause_47.mp3
61.70857665463215
8.156999280775066
211.02767482131443
68.3162560869174
-0.33260370929887306
0.34025365461736784
pause_48.mp3
56.2836216653494
5.0613980535206045
164.31126467469812
56.20748987365295
-0.07742552851016618
0.07853550673870878
pause_49.mp3
57.44030057769511
7.108779380452981
149.8717422716806
47.25873653150134
-0.14018299744359608
0.1595275162689282
pause_5.mp3
48.53290192801587
5.064169479991467
205.67835262687709
36.452704569344675
-0.0640072024898388
0.053027818735072015
pause_50.mp3
59.62087221039441
9.140586487339105
221.59173277738597
68.44319569133627
-0.2690577286265969
0.34624479790172985
pause_51.mp3
62.311509898688804
6.495912445567569
176.7691440202157
57.065848143291504
-0.2567194599555001
0.2711599547471571
pause_52.mp3
60.19574900689503
7.410966743776106
200.13853186538103
77.2765177490665
-0.2013239955849703
0.24993085064434992
pause_53.mp3
54.838506880848826
6.6981644658029404
183.23670130858255
48.44525046539295
-0.13446324458269435
0.12122518862419264
pause_54.mp3
60.24961068117386
10.03237839865527
193.61582881364347
57.10853459056806
-0.4347634601533304
0.6523376688207307
pause_55.mp3
74.02131057539026
4.442386130861124
226.56410997237532
35.60689584422096
-1.052674690706906
1.1160895032142533
pause_6.mp3
53.699414804075765
6.666635412840095
197.33508194897226
63.26440775261092
-0.09108576469075208
0.09973804494761238
pause_7.mp3
58.295059943291825
7.33026546778112
229.2009987163497
51.34877542454196
-0.27290226432876824
0.4371195919300187
pause_8.mp3
61.149886549116886
10.380763464686368
174.69716402100929
57.646825083093795
-0.48954044156410714
0.4317126821784794
pause_9.mp3
62.76214296356069
10.00886975041938
134.91696237332945
42.900755015176046
-0.3380488578830027
0.38831832428618723
