C:\Users\trevo\Comedy Audio ML Efforts\Comedy Audio ML Efforts\V6_robot_recordings\2019-04-18 Bombs Away Cafe\jokes_and_pauses
pause_0.mp3
63.01944445726432
2.960034291175972
124.90064937541332
40.72980839984873
-0.3858265825027014
0.28047416822706
pause_1.mp3
72.1818668343441
9.605814276095092
240.5953163238303
48.81568713179142
-0.9578310730138514
1.0004555319968969
pause_10.mp3
67.56675592995454
8.360310878992197
228.54356640093658
45.698545156358584
-0.5884577470381328
0.6758502761500739
pause_11.mp3
71.09220347568724
7.928552103028386
210.48054346319395
47.237430282894465
-1.1643250734346844
1.1404838648198636
pause_12.mp3
70.63361876207522
8.117484515494535
213.8380746781968
43.24589103926781
-1.0262766078405572
1.0211322626280888
pause_13.mp3
64.0928452987916
7.2997854857720785
223.06321105154785
18.69608004359995
-0.29281600692757925
0.32516979342868163
pause_14.mp3
67.9864250087401
10.343364467784918
223.0828909126354
52.803581740063976
-0.8259838756994304
0.8582008490474313
pause_15.mp3
65.9810415890555
10.2176246224204
204.202306040187
45.17888563882391
-1.004532514534192
1.0063010647392807
pause_16.mp3
61.90143748485045
7.4730757748027985
214.3775719040593
64.64268303422045
-0.4082321388841303
0.4228259260435636
pause_17.mp3
70.33615478608067
7.245754584098352
196.6499307644366
37.63772972121555
-0.8851959339693192
0.9068428173000537
pause_18.mp3
65.84712386439597
7.403439688935679
240.74441806419873
48.43915666859488
-0.45610340908524627
0.5111254365261208
pause_19.mp3
65.90800670204669
9.956439218265047
215.2641883627652
20.783773248064144
-0.6567676943498103
0.6671200273753029
pause_2.mp3
70.91301079105811
6.846933191444784
206.25719971021397
64.40835027067604
-0.8396903518340819
0.8997992511813826
pause_20.mp3
71.94992778721236
5.65228830649043
199.3849517863421
61.990668102776795
-1.0401499651460777
1.0411643968462967
pause_3.mp3
67.18960202967877
11.36054858361341
206.6486836482026
53.44483262560033
-1.1235259949024234
1.1388135489367346
pause_4.mp3
66.49705691852473
10.831645863056742
201.8689837201445
64.64518448081533
-0.9162065021006755
1.0179993009893127
pause_5.mp3
57.98098330157836
5.979092361356136
213.1767245614506
54.713098781777184
-0.27350801100066907
0.27649304651027584
pause_6.mp3
64.67052532425977
6.036185755051019
179.64762339209676
18.612947389468687
-0.41129442004680683
0.48951474294645836
pause_7.mp3
74.0088513559256
8.262226572967611
235.10065196944961
69.50582174854299
-1.2699798840778884
1.318662786734367
pause_8.mp3
68.58611420868199
7.4599355037362685
172.14941636856193
50.55977683434934
-0.582659334844376
0.6428237893992815
pause_9.mp3
65.35840784132302
5.771580966224525
199.87468450676172
40.83908869783354
-0.288811609332104
0.3638820920836863
