C:\Users\trevo\Comedy Audio ML Efforts\Comedy Audio ML Efforts\V6_robot_recordings\2019-04-19 Singu-hilarity\jokes_and_pauses
pause_0.mp3
56.93326720812771
5.287933596074793
224.95138744030288
60.320737833314126
-0.313648526494002
0.3104466303143958
pause_1.mp3
64.44013862042417
10.276099763674196
--undefined--
--undefined--
-1.0404999370749044
1.0919885059180179
pause_10.mp3
58.900023967628876
7.190603882573674
189.7471631731044
60.33449003011521
-0.170067116922849
0.17695558927633134
pause_11.mp3
51.725764712467445
7.060509973550904
220.68185057244162
37.45829204885417
-0.08609818527499935
0.08215467420577405
pause_12.mp3
47.97984731826477
3.6715938504207646
186.75059116635288
55.223262065250054
-0.028399955912721635
0.048254414597108886
pause_13.mp3
66.00910853659035
6.688777804802182
230.29820911948286
43.18539166686361
-0.30639979559772407
0.3237769333506055
pause_14.mp3
53.44131525748456
5.419518845392376
166.18459804677812
55.84267646846899
-0.0892586088652766
0.09640941893987608
pause_15.mp3
47.547998739855096
2.5932278346371977
138.4591776194804
48.31798942729183
-0.027925057594544837
0.029644188170158518
pause_16.mp3
54.49477359720296
3.9207945483611693
177.41956220048874
60.33744023452694
-0.08195311552833538
0.08216569325896383
pause_17.mp3
49.635841972005146
5.6160387282237
220.4281681959667
45.11559472345462
-0.05917553074212449
0.07259251251603639
pause_18.mp3
52.216667932811426
5.227352555818475
123.82131335364042
35.492596636828
-0.06885238647672307
0.06236798962188196
pause_19.mp3
60.63529446488432
6.230153598565111
109.15058871349538
15.327110697931804
-0.1542802788528667
0.16021804403503692
pause_2.mp3
57.52098818349072
8.183531046767731
164.49057153197103
62.128246758825235
-0.1858519910251526
0.2414165255282941
pause_20.mp3
46.07474084888016
2.9856927847353987
124.47260637757357
47.60803686855828
-0.027922951147076533
0.02642273209882186
pause_21.mp3
61.48684572328188
6.735898635284841
232.89511795334124
38.76092727545757
-0.23322398251076543
0.28784602430463
pause_22.mp3
49.706821264817435
4.671918243728548
141.41921618391382
30.740087262712702
-0.08800553613692855
0.08334593764269291
pause_23.mp3
63.014453926182135
9.670236775567865
190.45620105329624
60.865101421486635
-0.4544581992356612
0.5315017897872467
pause_24.mp3
64.32826449330277
6.0820859194968016
190.5566210554372
59.22660466126385
-0.3260814725616285
0.3354936265036576
pause_25.mp3
45.74451515995616
2.101830291655785
76.91315361424515
1.4936129156534654
-0.018699076142303334
0.016104887401154743
pause_26.mp3
53.583356321880935
6.399149989679347
145.15935538129975
56.78940224780218
-0.09337625258252791
0.11587401725378285
pause_27.mp3
48.96421911937672
3.533935149754374
162.34712274174814
50.57672531526402
-0.05760725143672022
0.05856508180581463
pause_28.mp3
60.34867975071023
7.449591735755705
190.19366703245666
44.000340041358406
-0.294229849883512
0.2450303056752054
pause_29.mp3
60.718945773025425
5.900839470421076
155.15656852901404
41.775264106466956
-0.18944890269603493
0.17008497562674335
pause_3.mp3
51.49476467719635
4.539711498894673
212.02875058885883
61.16348293287861
-0.06561658253467874
0.061426513114835275
pause_30.mp3
56.195560187245114
4.355401864551369
193.42055387614357
54.71959612107017
-0.09613290371124195
0.13509164336675444
pause_31.mp3
50.31494257003876
4.325912602153846
227.12266797584712
48.04560311582326
-0.05677506637855992
0.06001629154459463
pause_32.mp3
47.98820534223623
4.060365716748728
148.93661154347018
66.04499884386448
-0.06390441673327746
0.05632006083017671
pause_33.mp3
58.29884304635712
8.45478413663524
152.2552924815747
60.08146919859283
-0.24150168441325362
0.2497940703032985
pause_34.mp3
45.307321754836565
2.1325606923052702
113.58029272273825
6.8581837144727915
-0.018876011944835448
0.016923070113855933
pause_35.mp3
65.95078768677992
9.065641850034444
240.11319205280012
17.45101957021668
-0.5356850015238491
0.5452583565839347
pause_36.mp3
62.3754360070692
9.893460436218634
220.04853975977247
55.21664869026349
-0.6782323359567111
0.5798703553656737
pause_37.mp3
48.44527267826958
4.393751897696136
176.39960770675378
69.98337002204707
-0.058276825618467865
0.06703735599679543
pause_38.mp3
65.07075338163243
6.6682956952689345
182.32884867190543
67.5586019937818
-0.3323313518366821
0.42084873236863296
pause_39.mp3
59.04159226354667
5.241837381883705
177.5170568778146
43.28892928633991
-0.1493072928314006
0.12365133843817884
pause_4.mp3
49.77959657074933
5.420408585399149
167.54788885576116
59.86709976696909
-0.047121325472598286
0.05618821170499176
pause_40.mp3
60.27906780977425
6.48521521725331
147.79689867159053
42.77117226871715
-0.24460335281416237
0.21082705254921627
pause_41.mp3
71.54123060043597
9.892540145587981
181.81143217373204
41.71794975792202
-1.0081682776010126
0.9341071632877851
pause_5.mp3
56.87192948069887
4.259942087349873
169.21225604481302
57.55484109700545
-0.09055292404684447
0.11064444998510468
pause_6.mp3
47.3255121907962
2.2969538953549375
222.64748439566995
62.89481967905114
-0.026665257330515783
0.021436489796711825
pause_7.mp3
61.193229093688494
7.45023835931759
167.74592911789506
55.22944346588667
-0.16210896646443226
0.19122176396541155
pause_8.mp3
45.86945040984128
2.5254130592952917
126.50768768141837
27.474536242839125
-0.020108747841114192
0.02205664612891111
pause_9.mp3
59.72673662882415
6.004059132880239
179.27489864027945
62.09170789471675
-0.12526121909025822
0.14255526622280176
