C:\Users\trevo\Comedy Audio ML Efforts\Comedy Audio ML Efforts\V6_robot_recordings\2019-04-22 Class Performance\jokes_and_pauses
pause_0.mp3
49.29820522749085
4.855873579675943
150.08628304199573
0.10222992424422693
-0.2938965975036341
0.29846128377389564
pause_1.mp3
63.165583676686104
9.695422240500676
--undefined--
--undefined--
-0.519483983367987
0.6018719102121609
pause_10.mp3
52.65589850374452
3.492644667383292
225.19051756791677
2.6966966942599178
-0.05469599299014324
0.06831438169491218
pause_11.mp3
47.25637542086793
1.800910153828659
--undefined--
--undefined--
-0.02133151067479686
0.022053325373158926
pause_12.mp3
54.78023096974588
5.7535510494096345
149.18762615480964
26.94658971623135
-0.09371580999825765
0.09618444788540706
pause_13.mp3
46.615103841421615
2.10190926892741
--undefined--
--undefined--
-0.016851500857004147
0.019022386647893158
pause_14.mp3
65.00010003854338
5.102050651277173
210.01401115712346
56.72631250790802
-0.23214884629568835
0.22183184615018509
pause_15.mp3
52.72682337256927
5.183549344066267
150.32850624943106
31.01434685811469
-0.07386102940385111
0.06275333258409294
pause_16.mp3
55.04313395818194
3.888877142039527
133.66586145785797
56.277717714524
-0.0864373393243945
0.09282005636390629
pause_17.mp3
60.1820614248734
6.851939047754005
171.77268009252558
51.541437804098344
-0.195843513398213
0.17195720862060765
pause_18.mp3
52.54787507438499
4.581945615016636
253.89494259284123
49.92751650313574
-0.07703644323432467
0.08515079976669814
pause_19.mp3
56.39711359162103
4.747114822802418
206.88953869894146
52.118937754675066
-0.26213658773684967
0.20010919578900901
pause_2.mp3
56.82978105599344
5.747611932119756
141.85324185707353
36.798430868195794
-0.11649333726875331
0.13101383448242984
pause_20.mp3
59.96704532167869
8.60256180146221
184.19400953165885
14.960165677803307
-0.28378921591286577
0.2534768816791713
pause_3.mp3
47.34063929248584
2.0956105105860243
--undefined--
--undefined--
-0.027128315233505153
0.027155311538173035
pause_4.mp3
47.66540957527053
3.380121782927433
178.22959238811328
3.6660005477495328
-0.0325578170566105
0.02650976187415024
pause_5.mp3
50.87140049790341
4.08223912240509
163.23324869623713
6.367821967460251
-0.04956382884384678
0.05749231689895636
pause_6.mp3
56.07124829954406
5.768380991111955
231.164676769753
16.098611258632793
-0.11477333154526202
0.10854219746032698
pause_7.mp3
47.052630626683545
2.0213515785830265
157.142463026868
1.4806264127920064
-0.021966790577325472
0.020333269304693508
pause_8.mp3
53.39633614205187
6.739651227342151
210.73641919073742
78.25096116257421
-0.1625792970830942
0.2149336178801195
pause_9.mp3
63.20059087322433
6.9356598488103325
160.5439975526677
28.51802937162021
-0.2975079015519777
0.29972115943282074
