C:\Users\trevo\Comedy Audio ML Efforts\Comedy Audio ML Efforts\V6_robot_recordings\2019-05-16 Bombs Away Cafe\jokes_and_pauses
pause_0.mp3
64.71399251359337
8.049488583665916
217.4645093938306
37.61806629713671
-0.49152807979760765
0.532854287229168
pause_1.mp3
74.20784235978798
9.556465070345375
219.69074193021285
49.77266328718485
-1.1513430526308024
1.1683164546522335
pause_2.mp3
64.1537150628117
5.459277722104543
211.46456982119983
63.913934733174
-0.38571779803791406
0.38211523224760624
pause_3.mp3
68.78551292852309
6.419622935050119
242.55270886760078
39.6354629098712
-1.0394235201840756
1.056432440620207
pause_4.mp3
70.19413443041431
9.057102978424528
230.37164404972404
53.6420272943061
-1.0921186449256612
1.1329910121247393
pause_5.mp3
71.70812273928786
9.931494972019017
192.55738948919162
48.40040983934494
-1.0699106030871048
1.1457789538150784
pause_6.mp3
72.06015877270664
7.16942791048275
209.1640775584772
60.2175515436467
-1.0092022713997935
1.0101398463443867
pause_7.mp3
61.83086107038992
7.060903542340828
191.4438541367243
61.18768048790098
-0.2687054121595962
0.3171017501468518
pause_8.mp3
81.36358893473971
4.932484368473876
199.57243098067747
58.63763659133218
-1.4784282688878478
1.4431437063119463
