C:\Users\trevo\Comedy Audio ML Efforts\Comedy Audio ML Efforts\V6_robot_recordings\2019-06-19 Trek Theater\jokes_and_pauses
pause_0.mp3
65.62959637672127
5.5168458268558105
188.55760620879778
33.73071570696746
-0.3875138504201812
0.41459945566552403
pause_1.mp3
65.85621380445868
8.82220942230948
238.565507470094
10.46057301399582
-0.7371402314532575
0.8485587016417342
pause_10.mp3
64.14188258458621
3.222396433934274
249.16187906766893
26.55250232727878
-0.1605596477343234
0.182659473743694
pause_11.mp3
58.77132261104938
7.750119090145308
244.789587736912
49.18881973267307
-0.22388238291631596
0.23477514150334727
pause_12.mp3
64.17415260356816
4.21624184868866
197.31035296163628
58.761373852318194
-0.22626062223366067
0.24269205901769456
pause_13.mp3
58.08398232467247
6.3864455521622885
229.78306510138924
27.52497994160953
-0.271151031213358
0.24600300771618241
pause_14.mp3
59.8918263514942
5.136979339525843
243.9749810746777
44.22988067708508
-0.1538319714176923
0.15071121764865075
pause_15.mp3
62.37428883237833
3.667499438804411
189.97291959217253
68.72448778684083
-0.1932407457752461
0.19258872549873116
pause_16.mp3
52.36471526458395
3.269647778536196
--undefined--
--undefined--
-0.07218689817730821
0.08010283207858697
pause_17.mp3
63.11983503268962
6.806549945490791
203.4415862278042
58.845585441931036
-0.34467846703109717
0.3991693879462827
pause_18.mp3
62.066858060743826
5.228774997048993
197.0943264543011
64.80341026748675
-0.2911384075978979
0.2925786863418953
pause_19.mp3
63.231145192950166
4.946846914160916
163.94979584923192
44.27090276499018
-0.2489240178987265
0.2608730926278674
pause_2.mp3
57.36507117822718
3.7899907626629563
192.62331348212618
48.85174679823207
-0.09948720225664412
0.08811393943471013
pause_20.mp3
63.8058229021734
5.275711815050161
211.39419216793507
75.68815642826121
-0.2634920518762224
0.2579410161257503
pause_21.mp3
68.66067486864402
6.905460894486723
222.50342311082193
51.97873466811684
-0.673676538952283
0.903127245697602
pause_22.mp3
63.55537277418218
5.867542196457386
205.88005007063506
50.8150583374523
-0.23030902405049417
0.25450225572542057
pause_23.mp3
53.88194936955202
4.259288017024381
206.0745862240605
47.022515228228265
-0.08947289541210059
0.08529829017448887
pause_24.mp3
67.55292364686386
6.550592232772161
209.0110023444997
55.446007487630894
-0.6585943327034025
0.7176698687693994
pause_25.mp3
64.53978628376126
9.369783741812395
181.99879480888103
38.48933994329909
-0.718176849791243
0.7291886979751829
pause_26.mp3
53.79593301522887
4.5887153244071595
197.0630724920047
51.48539229891086
-0.11591873447225877
0.13810544614818113
pause_27.mp3
59.22173787942568
5.893947514585669
181.7954691628192
55.461416179228245
-0.2291049250095634
0.23360052353021743
pause_28.mp3
53.252137805626056
4.218339211407179
168.88039168903117
0.6323736608247922
-0.09874885531801031
0.10456185315053096
pause_29.mp3
59.52762413262559
5.114059800341753
184.6053588337219
57.452970863995155
-0.1812344253151225
0.18573910816685857
pause_3.mp3
52.55928485149435
3.670508793628421
152.8389467952282
55.98336285193857
-0.06075255828854101
0.06437282736060458
pause_30.mp3
64.47019163583363
6.556110878571631
164.54869080327762
16.415937840006418
-0.3413812102875423
0.29341322298221867
pause_31.mp3
76.3947465443841
7.42716357888021
221.41586557683334
51.77147229395426
-1.1226620196934198
1.1277884225040893
pause_4.mp3
61.74893108666079
2.9514868232971394
191.55538390315584
32.94949420260084
-0.13550433312051274
0.12144244537495753
pause_5.mp3
56.73810102910425
3.708995979799356
186.62797472573152
70.46612158518997
-0.13532351501365433
0.10797197148903546
pause_6.mp3
52.28850373986381
3.165755431737756
151.07769673197217
39.7721129180202
-0.06400423671186899
0.06767414745889108
pause_7.mp3
64.84703478240907
5.522242960255515
234.58835573861612
58.93199286458017
-0.2593308821336387
0.33353278450247426
pause_8.mp3
65.10541513486868
7.289087190091862
176.4161874040848
79.21292206056697
-0.36589573976419837
0.3759963385361763
pause_9.mp3
52.98269222416733
3.305472942602316
188.7821705086132
7.390376728614902
-0.05309967261660532
0.0656454219091822
