C:\Users\trevo\Comedy Audio ML Efforts\Comedy Audio ML Efforts\V6_robot_recordings\2019-06-20 Bombs Away Cafe\jokes_and_pauses
pause_0.mp3
65.29385631589825
5.450914804851419
184.2816720978734
50.09030992462849
-0.36319938204795155
0.3621974734341941
pause_1.mp3
68.61626809111519
7.228301568390714
188.3636762027502
50.05287504348839
-0.6031700203087202
0.5847272680835125
pause_10.mp3
67.5560474461377
8.693012774867048
202.76975392110197
59.733079262089056
-0.8863282445507807
0.8109880918638125
pause_11.mp3
63.72757367437412
6.244413561537985
212.78700044063623
44.30277738677268
-0.482083032320759
0.522498595801014
pause_12.mp3
70.35352061250363
7.937262808051661
226.174586045926
55.66156774817169
-0.7281811814332437
0.793486904717529
pause_13.mp3
81.63361159406858
5.682062339313163
203.41750697321817
64.67439023062043
-1.3353953947428552
1.2705125109894182
pause_2.mp3
57.816264918559185
4.205674064248164
191.63894106083632
30.056018937842552
-0.13086911669019977
0.11756273504271891
pause_3.mp3
58.01500886159359
6.1978398569886455
179.2394696171907
51.02652291863419
-0.2734806335832888
0.24341032678952934
pause_4.mp3
68.5303967624541
8.314732620525929
191.4991932798116
52.18325749826551
-0.7092517579182045
0.6545354108782279
pause_5.mp3
63.136593735450624
7.6334091861167686
183.68057529015937
32.301114157322424
-0.41981219567748956
0.5182543493627712
pause_6.mp3
66.55207268589021
8.594478215761985
195.96607171409346
47.35845472673001
-0.6275705519161284
0.7196152999483612
pause_7.mp3
55.12034399459078
2.948045345965933
209.9626000595164
40.02680225501195
-0.09716886951989488
0.09778167616034503
pause_8.mp3
73.85396434201697
10.158336156085708
182.87811542429122
60.10425177970053
-1.1615498419851766
1.112918948737714
pause_9.mp3
76.28620220846428
6.71327701596809
209.15574482388755
51.46016655251629
-1.1214754196195442
1.1009532807400515
