C:\Users\trevo\Comedy Audio ML Efforts\Comedy Audio ML Efforts\V6_robot_recordings\2019-08-15 Bombs Away Cafe\jokes_and_pauses
pause_0.mp3
57.32758220097774
3.9257086640825882
199.63768380660818
43.159612686319534
-0.31445876717736165
0.3341143160944801
pause_1.mp3
67.60973394716845
8.379223313492227
196.42427407119737
2.773160665293592
-1.0155444188807607
1.1752529147867192
pause_10.mp3
64.45103795036853
9.740152871085158
206.35696388276264
51.517854893316084
-0.614994626747417
0.7290890955666463
pause_11.mp3
66.45548579748517
6.5738944951954394
213.10268764289177
29.848260653453266
-0.5866942552066893
0.629526396693293
pause_12.mp3
63.53772873646413
3.805535323811524
189.6439484920107
39.93415198942839
-0.23160076394644705
0.22494896526622554
pause_13.mp3
56.84593267283013
2.3826903467608265
195.72777186503893
68.82049862197106
-0.09177048545324464
0.07538200962123404
pause_14.mp3
65.58917832938758
8.309728264487966
221.36364414096724
60.14597960186825
-0.45143651936479584
0.46363279901844395
pause_15.mp3
54.46553624697234
2.520451405072137
--undefined--
--undefined--
-0.0504953278193174
0.049964369619474695
pause_16.mp3
67.84899955896643
7.524089925490283
209.39373602684108
32.92824154508943
-1.0659231335551038
1.1224223218292881
pause_17.mp3
64.52607467271307
5.153100146940611
194.53743101830108
39.055552804443806
-0.315031041774157
0.30351352433917617
pause_18.mp3
59.603044780332375
4.246560697454961
202.9009952280715
33.15028503637258
-0.15073287818662406
0.1362883774925707
pause_19.mp3
64.37158815461399
5.273990870833725
208.91156654799687
25.560772647037485
-0.2494569579317337
0.2821472754528518
pause_2.mp3
64.7378787760265
7.430804438576578
204.54395019478437
42.5035357170227
-0.49010696921881625
0.5145143614593413
pause_20.mp3
60.386071246224645
4.360283388432632
213.16975001761998
27.40816901342969
-0.19631457502524197
0.208760646629435
pause_21.mp3
64.87531765404422
6.047975095342697
213.72189307875678
36.695418236934096
-0.38833836322662213
0.5117800738404235
pause_22.mp3
71.41109999492647
6.585971131201119
213.25246454707317
39.49368367531481
-1.019819321960066
1.0972858968984989
pause_23.mp3
65.03668494221525
5.218240412712619
204.48034913752755
33.09648210667602
-0.4803136224499196
0.41189553850539573
pause_24.mp3
66.5422838419256
6.6247241557514505
193.92984647994444
56.66958448069081
-0.44809625503250256
0.4317266693930069
pause_25.mp3
54.48537120791022
2.2424445720523725
220.1781768934756
2.814478265106268
-0.05487012635488747
0.05636579689433311
pause_26.mp3
65.1281368131574
6.3773231582461145
226.62419121207387
57.2334173305562
-0.3934887175320502
0.3519820550871717
pause_27.mp3
66.81017670687835
7.501859789952237
237.29770279195458
46.032028322678435
-1.046976011618137
1.0568415611786501
pause_28.mp3
65.801386086815
5.770607188978295
220.460173007641
43.23852213401246
-0.4612938276900792
0.4002873709823393
pause_29.mp3
69.30626395314545
9.725565660742713
231.50872634724294
38.22686215016263
-1.0892078044678621
1.1154564680962908
pause_3.mp3
60.251504172981676
4.680344667577411
186.00588831531977
64.54117520481726
-0.17985532959312728
0.16057463869412827
pause_30.mp3
66.87350781313128
5.686591803750066
192.84720960192004
61.501163470639554
-0.54702237684265
0.6086639776053036
pause_31.mp3
65.49101768976252
5.8772294128515465
193.52269486281546
68.94878815756431
-0.34637193315905696
0.3394145225696617
pause_32.mp3
68.85599723539006
7.0608089325019
212.94856944835294
57.77780646678614
-0.9211922820796562
0.9210002701665158
pause_33.mp3
56.05582860480262
4.069355036871937
223.26953950965657
13.600617803205798
-0.5002740876381367
0.5872935642023763
pause_34.mp3
68.28302930068546
6.511891583468002
214.8157608115268
44.865253967758875
-1.0188648002772753
1.0235146156128272
pause_35.mp3
71.46756645920111
7.804885671352218
227.7239753706874
71.18797723431639
-1.0579316665383347
1.2426640470922725
pause_36.mp3
60.586029990214676
3.9415453281916952
209.69031060196193
16.628093481515425
-0.1775675229958715
0.21460434927945982
pause_37.mp3
76.59508897563029
4.4139462030266765
241.82271299990242
47.23867522962006
-1.132356413771921
1.2301695919319977
pause_4.mp3
57.4646367972614
3.1667509482376257
209.32646704481283
35.40580095178821
-0.09945351418455124
0.09330948775830043
pause_5.mp3
59.025043773285105
3.529345135492074
219.05965291714668
60.744421603421166
-0.10500272045142038
0.11981091822909533
pause_6.mp3
58.177683967213405
2.972956657124237
261.5365076056107
18.087441679629592
-0.17365409727500208
0.1587124205477081
pause_7.mp3
66.27699594884416
7.8875673417037575
180.74163912514115
70.72654511437816
-0.6017909672887106
0.65143118017864
pause_8.mp3
67.47231154981979
6.677055156753352
190.01081792514833
45.620468936735556
-0.5393839067576345
0.5128658161566115
pause_9.mp3
64.70514707610369
5.003012981413975
187.88964100529435
25.409088676147967
-0.29196208615976793
0.29878499161036726
