C:\Users\trevo\Comedy Audio ML Efforts\Comedy Audio ML Efforts\V6_robot_recordings\2019-08-23 Spectrum\jokes_and_pauses
pause_0.mp3
65.08732655716484
9.164027475457038
124.23944442048975
1.4495271226481685
-0.6216876616151243
0.7441873026798969
pause_1.mp3
71.2335086062266
7.097299068624232
162.26900889286026
33.52878916215545
-0.6575338389243565
0.7552991045967391
pause_10.mp3
59.17124681696864
4.923516110390142
236.24398773029333
27.21962247668553
-0.11108598998669551
0.10760368306428436
pause_11.mp3
64.19082274426754
7.775136839846951
198.147456651821
42.30101223699843
-0.4187986790397699
0.4625956392259789
pause_12.mp3
76.57758739354506
10.467249469004194
167.13998360443927
89.67624007474038
-1.1444554145258505
1.1592491902076334
pause_13.mp3
60.89629749143707
3.698121406003489
226.98018546378822
28.83739802710631
-0.18880024242170357
0.19890970035459066
pause_14.mp3
59.63586158763885
5.865313892726476
161.13982527658192
51.15670056450122
-0.1941930618208913
0.2121081652581439
pause_15.mp3
65.98711127190391
7.4155019417124475
175.50207310374157
58.10531234689095
-0.8348212958751478
0.7710333031589691
pause_16.mp3
52.15422652790019
3.128900634007756
--undefined--
--undefined--
-0.08968691594585533
0.07733787256263831
pause_17.mp3
62.45262108161573
7.464947711484926
198.9388040329266
34.930571631548936
-0.3576149466002813
0.3728020477260027
pause_18.mp3
72.68995640414433
7.671400469606461
218.8021640217331
41.92625437324784
-1.139592399400731
1.1313690873612934
pause_19.mp3
69.25453704566809
9.417109948370314
213.46564499607055
12.309020502810986
-1.0704086245425495
1.0457630055704992
pause_2.mp3
62.530122539683134
8.505145666607687
246.25446414489656
43.56632986254218
-0.5017614920950343
0.6111811084631941
pause_20.mp3
65.26022746373101
7.484766316904293
214.80908899539133
62.690941552522176
-0.6618888675791734
0.5597548958937976
pause_21.mp3
64.8182485235784
9.169824733266346
184.683214164193
41.48727463052189
-0.980744013013204
0.9990452079445259
pause_22.mp3
65.46682547788448
8.961712389644788
175.22960558512455
49.192453805742474
-0.3923236645087777
0.44880085983502094
pause_23.mp3
53.19320178574533
3.29617103378257
261.6691858654133
12.49976486897992
-0.058821206117038026
0.055278897214358025
pause_24.mp3
72.40361363270796
11.346507281254002
202.45496942613974
55.85088345234272
-1.1514185652739728
1.1455418503786483
pause_25.mp3
59.60529548499884
4.431502201351088
186.27974947550592
40.38588316550342
-0.16703271029201555
0.1695119804386352
pause_26.mp3
61.740108258224524
5.19382546619657
149.17911710812828
49.91706471222782
-0.26698503561432924
0.2673335432040384
pause_27.mp3
57.78046717383829
4.9354863337509265
194.39144993521907
47.69041448701888
-0.1207806039840478
0.17656929291558493
pause_28.mp3
67.9826902351886
10.406756697047111
216.77041092718952
50.82284609869036
-0.873129907649887
0.9388152140842903
pause_29.mp3
61.03447162064509
6.3913392487103895
189.84092797824795
50.258301359975796
-0.35350989312841635
0.3977546327940144
pause_3.mp3
62.7859088953356
5.337129510690855
158.88321063939367
51.75057502845898
-0.2886058715027815
0.24833437481310258
pause_30.mp3
69.13578259412157
9.033475666033747
249.49381255335322
52.11823507059211
-0.7008599499188019
0.8281958929431262
pause_31.mp3
77.1243637408532
5.311928623410247
235.2940267014872
46.13421091642427
-1.2032754774987722
1.1602952750478024
pause_4.mp3
62.450388641310624
8.143449132349549
171.0873342616424
90.84303036596462
-0.37837423408126375
0.35480791587545385
pause_5.mp3
58.98809299612773
4.92082169850661
203.59723278634826
57.96922652655657
-0.15211269801846278
0.1361852343912797
pause_6.mp3
69.07238313259852
9.158017261928078
177.04683592253048
56.66267374940652
-0.7779073593124068
0.7228435480349935
pause_7.mp3
56.19902097917731
3.353127743871984
138.9213082423121
0.4488943106159537
-0.07253775946846672
0.07539296047480086
pause_8.mp3
68.0708693204103
8.138981689484652
253.07588467367765
27.872490398313726
-0.5264022368394146
0.5313381596257079
pause_9.mp3
63.793045928281664
4.246069163474505
159.2359033439298
42.97354859786455
-0.29139078889902875
0.40088285015152153
