/home/sharer/all_robot_comedy/robot_comedy/2018-07-08 Yardwork/
pause_0.mp3
71.36835476740207
1.170110604285938
--undefined--
--undefined--
pause_1.mp3
76.23359642086136
4.9907418961689025
233.20463580365225
19.239061352765304
pause_10.mp3
71.52639893001587
1.7245308966449777
--undefined--
--undefined--
pause_11.mp3
79.93529023189294
5.980159700575956
235.6042445661262
18.506595451649304
pause_12.mp3
71.44383165326407
1.6382580537337692
--undefined--
--undefined--
pause_13.mp3
78.61854166286629
6.601262116219833
157.41839119532375
21.116964439446324
pause_14.mp3
79.1428514574443
7.080094306717451
221.75972887108693
60.16296348498817
pause_15.mp3
75.52608397407701
4.8025628668169045
225.7887006460963
32.344660608352385
pause_16.mp3
72.72988066838782
2.307302887663258
193.45287067459486
6.83446757673753
pause_2.mp3
81.60643136748646
7.897172110127229
248.37154112686315
36.57716176218683
pause_3.mp3
81.53938101421622
3.989067185908193
232.0575901318505
47.30286742305227
pause_4.mp3
72.90457429878248
2.36682147845293
148.81163541510057
1.2417730425284383
pause_5.mp3
72.80929348526358
2.8449705277249673
250.15751750809915
32.60238431733071
pause_6.mp3
79.949359769092
6.983540826234162
221.17971071848976
61.213052101957
pause_7.mp3
83.24895174415263
5.6390075926015175
247.41289644513154
39.09802154873737
pause_8.mp3
72.61396486873676
2.8894811932992237
217.616918961424
50.857117189608374
pause_9.mp3
72.17015036432367
2.306271895773441
214.2593759223603
6.353269435168219
