/home/sharer/all_robot_comedy/robot_comedy/2018-08-24 808 House Party/
pause_0.mp3
72.31575369146968
5.229670564010547
227.2707128541229
39.698200620243
pause_1.mp3
78.9825286907222
9.796915489978447
228.97397933042
25.27584700578605
pause_10.mp3
70.90222001460187
4.346107490233007
290.2134135346604
5.180599785119587
pause_11.mp3
77.36733086364248
6.870747730832329
191.4089562194301
48.169527560630385
pause_12.mp3
77.17699604382153
10.132403794866375
195.8230642445629
62.646460506807976
pause_13.mp3
68.83753136838357
2.509298205274498
170.37731992085503
42.054318250181836
pause_14.mp3
71.88812039467663
5.215415097150755
181.65440596278432
51.071224759879165
pause_15.mp3
79.46910025496013
6.695536420417101
211.97570005385867
55.4888885529207
pause_16.mp3
76.28759497738244
8.644839820062048
199.0394403596138
53.533902980847536
pause_17.mp3
71.05148356312765
3.838445202569947
213.61147841495878
54.71869394692537
pause_18.mp3
72.12414301827181
5.132305393477592
203.15045997090596
60.38462931243093
pause_19.mp3
71.38720068418924
4.538639833965241
235.54700076903615
28.512563154663468
pause_2.mp3
67.68100466810522
1.6170324737828603
--undefined--
--undefined--
pause_20.mp3
77.65589183836416
8.168499146940007
231.46284582571963
28.97520003933845
pause_21.mp3
75.32356525316426
7.960409176593388
195.18279583879922
43.66181832763351
pause_22.mp3
74.61760779564385
6.33999433250973
187.67080370803825
50.441928698435554
pause_23.mp3
67.92873734137703
1.6361647712250007
--undefined--
--undefined--
pause_24.mp3
72.7238401428999
5.00988669980968
134.32469952023692
55.120582329107954
pause_25.mp3
67.60448682295701
1.5627082698898342
--undefined--
--undefined--
pause_26.mp3
72.80782244217839
6.722959563439112
194.96206275852657
71.40974212362534
pause_27.mp3
68.82058894997104
2.9391980282381067
206.70146935872114
14.967306907591883
pause_28.mp3
69.52982314925045
3.6145671354833953
--undefined--
--undefined--
pause_29.mp3
77.01746073685894
8.535279124099931
160.66775080529823
71.5311636828512
pause_3.mp3
71.49417647153938
5.59089359854981
248.92715702569794
31.76816565224574
pause_30.mp3
76.3337180753093
8.565895073455852
161.01028757681178
59.709531156286936
pause_31.mp3
72.14780272033688
4.264194172003471
189.22591953174728
56.12570178955932
pause_32.mp3
76.28394740342395
7.996192035309148
217.29680210558791
39.92521387413848
pause_33.mp3
69.77154612686218
2.7089260871540843
190.3268541936933
44.38744965725468
pause_34.mp3
79.16420704172079
8.58906642829869
190.4106799660411
48.17684010480887
pause_35.mp3
67.64794449812597
1.5268539565541461
--undefined--
--undefined--
pause_36.mp3
80.79376470792981
8.31606053519075
203.49778377512612
63.28936025233846
pause_37.mp3
79.90293168088624
6.962131485067711
169.11667368475025
44.46096733608202
pause_4.mp3
86.7267664434575
6.705885947751451
236.78031613750676
41.96332710546197
pause_5.mp3
80.82557541890742
9.931615316582686
195.02008831896921
56.521382419380835
pause_6.mp3
67.93211235130288
1.6840771192153328
--undefined--
--undefined--
pause_7.mp3
76.41813913199539
9.523206271238957
226.53679735086342
34.0114648871183
pause_8.mp3
77.51439674390846
9.253243160210456
207.25869598430572
62.116703549083894
pause_9.mp3
76.5120768137899
6.904218980905516
202.48028095754245
43.68706985667712
