/home/sharer/all_robot_comedy/robot_comedy/2018-08-25 Flappers Showcase/
pause_0.mp3
69.31063751223243
3.5072758460421034
--undefined--
--undefined--
pause_1.mp3
72.74615379037662
5.7320307130882435
103.65640391163738
24.058685913716243
pause_10.mp3
68.02793720080463
1.1472177509908181
--undefined--
--undefined--
pause_11.mp3
76.5663233995784
8.705143821218199
225.02724995310507
51.4362714305665
pause_12.mp3
70.60379959629266
3.250270638291953
162.31823995968767
31.31727343419139
pause_13.mp3
68.24350391669797
1.91214161250114
--undefined--
--undefined--
pause_14.mp3
72.88949499230095
6.454349070828697
221.1890549464446
50.17355515978351
pause_15.mp3
70.77690004286664
4.036428797163986
233.60267266497073
30.39887407693699
pause_16.mp3
70.0649736206169
2.9471297652087114
200.54012659634796
53.314326000339534
pause_17.mp3
73.11751445506069
6.071264309647924
175.2080442273063
52.23127257325094
pause_18.mp3
69.69325832836385
2.8108695915389834
203.84140042687505
35.55429606199043
pause_19.mp3
67.70228386019937
1.4766768081515964
--undefined--
--undefined--
pause_2.mp3
81.15091002667228
7.253960634402359
200.42893859455444
69.80570224641362
pause_20.mp3
71.47729404860361
4.022347942075248
212.19486249433768
56.394052364067164
pause_21.mp3
68.25091654820906
1.9257921492655026
219.86819172908773
0.6239540193578819
pause_22.mp3
76.41211841701566
7.708574195581731
218.22831480326616
37.88552961235012
pause_23.mp3
67.88716844101201
1.7967110413075758
--undefined--
--undefined--
pause_24.mp3
68.76859740259495
2.0575007296448495
252.08229211145084
34.62947920433367
pause_25.mp3
67.808567799011
1.536542369861852
--undefined--
--undefined--
pause_26.mp3
71.26970619242456
5.284770705325802
219.35260611440563
28.517381196046728
pause_27.mp3
68.74902058929817
1.7259590618896485
279.1782752356862
3.507791772634908
pause_28.mp3
72.33449198785132
6.413609702224777
140.69112282445604
66.53914106554132
pause_29.mp3
72.3847620734723
5.5590063838770885
225.48859492527305
28.91285697121454
pause_3.mp3
69.62829849806066
2.6069417087148197
167.39098539138618
64.36604045466177
pause_30.mp3
75.78723721188453
5.730170871087993
218.4601396399679
36.18814642909228
pause_4.mp3
76.85461170113263
7.610523261759585
183.53488677095595
54.03360888699487
pause_5.mp3
77.77422363651742
7.647749743223256
226.0886032638746
41.826518621668356
pause_6.mp3
69.24179711927746
2.22274805187538
267.08756350419316
10.563153262427091
pause_7.mp3
68.9049053807801
2.1338632663597514
294.15039893543315
3.6812235978629473
pause_8.mp3
70.22820465189614
3.5170720557620627
239.0215741221683
56.27179231250969
pause_9.mp3
75.39211365091684
6.449621440799796
224.41433240843088
62.73607223654142
