/home/sharer/all_robot_comedy/robot_comedy/2018-08-30 Toughy the Bear/
pause_0.mp3
77.36586670309008
7.22420319150436
214.95684804358294
65.4273605859061
pause_1.mp3
78.9026942858072
6.58163525923061
249.66631844753687
7.909731967316724
pause_10.mp3
69.51275397993741
2.3297912021329807
284.6436954995089
9.084090367285668
pause_11.mp3
75.42506588190459
5.6253466060385895
160.79650174658104
56.02039756658104
pause_12.mp3
75.12446088895877
7.788468657582975
256.01835288056424
24.203240219275646
pause_13.mp3
69.83431321663689
2.9943314515815684
199.88200062625847
43.12214830560723
pause_14.mp3
70.68389059794187
5.324451077643317
212.6902796951881
5.438344935104304
pause_15.mp3
67.90292555924617
1.9527569918978
--undefined--
--undefined--
pause_16.mp3
71.00634248663569
3.9079037656053357
229.56920126512154
30.75899356688
pause_17.mp3
69.46418312717466
1.9741794129600623
274.71814511052986
17.11973481826826
pause_18.mp3
67.87693257538488
1.7770748268319172
--undefined--
--undefined--
pause_19.mp3
71.51951139900251
4.1690129079277884
245.31802759838945
21.290023087268747
pause_2.mp3
70.96560998875411
3.691452850272983
222.26349676415384
39.62481484148258
pause_20.mp3
69.61884694154955
2.6703797871863286
215.18983792999867
69.39150166028492
pause_21.mp3
73.93538318004681
5.646306475533294
219.5285740249339
48.12756262290726
pause_22.mp3
78.01117416458334
6.983857134567476
191.83400793245053
68.3826285251459
pause_23.mp3
80.6953182787474
6.351946219103676
223.9954341390402
57.41638641145534
pause_24.mp3
75.98102064675837
5.7892179414415335
194.64620234703705
41.23291635301876
pause_25.mp3
72.64221473195012
6.028449583349916
175.00723501475
35.026570832173114
pause_26.mp3
72.68552409618131
4.482933706270469
189.84242033428313
67.62600966005262
pause_27.mp3
69.55171255292262
2.157455274735331
--undefined--
--undefined--
pause_28.mp3
76.84471857022389
6.8022918164399
204.47341022837495
65.8150006960927
pause_29.mp3
73.9879421760737
5.989188671009248
219.5298724036343
34.305630043412904
pause_3.mp3
69.01194620877733
1.7962675140495115
132.93298578893902
45.95914925685399
pause_30.mp3
71.09682688149252
3.0201321216306507
220.40788971696503
45.966649540581415
pause_31.mp3
69.7136412880182
2.790407902420108
204.5771584400997
40.367249307404066
pause_32.mp3
81.6264407255094
8.116095093908488
133.16132087661842
51.287465195491
pause_33.mp3
67.91762232072168
1.5510645964556284
--undefined--
--undefined--
pause_34.mp3
76.207468497946
8.82645858265487
125.8913393466648
35.75323169613734
pause_35.mp3
76.82350070619718
8.122040034058095
185.9621283085372
50.95572257970947
pause_36.mp3
79.72946046460508
8.912259940832056
177.79675173779853
47.740703761714286
pause_4.mp3
80.58562069421477
9.428442416904256
165.68775916903758
34.483618443977576
pause_5.mp3
78.53439002299237
9.83348138138271
267.3717651011327
11.721440865702705
pause_6.mp3
75.09055536783968
6.3739629671630835
228.16594747021995
57.08787865188352
pause_7.mp3
71.71073151243705
3.497382669015797
238.4439874571729
6.779238542081209
pause_8.mp3
74.90358402597164
5.769148059461097
212.89104976914197
40.175465925888375
pause_9.mp3
73.85687832850748
5.115529973606862
226.14744281160816
59.60780187451652
