/home/sharer/all_robot_comedy/robot_comedy/2018-10-12 Roast of a Robot/
pause_0.mp3
75.48544503891883
6.270784877923089
149.6689726955313
59.53668695442856
pause_1.mp3
83.70577239716974
8.275424177360092
232.31571254756878
29.404969109248025
pause_10.mp3
68.15161775910974
1.662346657440307
224.54677329479537
3.049106787380697
pause_11.mp3
78.82095734863152
8.33188649950513
191.98961196000516
55.53389789181141
pause_12.mp3
75.20422154671705
6.766057256230254
236.55691171940452
55.010383562841206
pause_13.mp3
70.85043428908212
2.658026398053767
188.3159670547979
36.81336253507031
pause_14.mp3
68.83812992541748
2.238207150834523
166.09630056011514
1.5574641736434225
pause_15.mp3
69.94961926041123
3.920028390705822
201.8434556221434
22.53168074746904
pause_16.mp3
69.00542624088212
2.420294070283629
--undefined--
--undefined--
pause_17.mp3
74.38463278231036
7.713464747787446
187.13711393849437
51.6718326945623
pause_18.mp3
71.20327108598823
4.787259263587226
248.4520249037197
15.36613417965229
pause_19.mp3
76.4964974738538
7.876343755582077
202.71766486645834
55.48310530583989
pause_2.mp3
74.69466822328023
7.864106799381561
190.20443589031342
44.86182022166025
pause_20.mp3
72.68999357428906
5.092670251309131
217.10744469018232
56.20492451415059
pause_21.mp3
86.63099507306106
5.278576511709835
166.22603322648771
52.063137299501726
pause_22.mp3
67.59420324127285
2.104280358149931
--undefined--
--undefined--
pause_23.mp3
73.32713703494773
5.404018885617569
171.7733949900063
50.86975967245566
pause_24.mp3
67.95185932320403
2.4335367623583624
--undefined--
--undefined--
pause_25.mp3
76.14124400481128
6.992844930252209
210.63653572736354
40.60088556960314
pause_26.mp3
71.69053621731722
4.997855416393662
178.20491986665107
31.8108849927501
pause_27.mp3
69.38457133489229
2.556347092168981
162.9543902559405
1.3753753334936785
pause_28.mp3
76.16560786732123
5.649383366369673
204.75421364538647
46.15716773806603
pause_29.mp3
72.1281842604721
5.031157627851751
215.18498589198583
50.26702972661144
pause_3.mp3
74.09645664664113
6.981186609926849
183.47154832275226
63.06727198998507
pause_30.mp3
70.06299902452162
2.8922908611434717
140.62781094656117
56.03067315145844
pause_31.mp3
85.39553196245375
7.318374899879644
229.4510079594955
58.494268250686225
pause_32.mp3
67.4461286893068
1.4277645946000903
--undefined--
--undefined--
pause_33.mp3
79.47097895492823
8.596819050663571
177.4807905302476
36.35169800974742
pause_34.mp3
66.60949300545128
2.6771356586698594
--undefined--
--undefined--
pause_35.mp3
74.73300213646817
4.241716253671392
210.0170578399872
50.965443987849746
pause_36.mp3
85.88532189875366
3.4607649147072084
210.46186265296788
20.741570258708006
pause_4.mp3
83.29263285558304
9.709755521037573
238.09924931015584
35.39121251688182
pause_5.mp3
73.7432209626718
5.768061070059696
181.63063259778758
29.141526143653508
pause_6.mp3
73.16248014537503
6.033682362041511
188.62038578785803
48.01670990110926
pause_7.mp3
71.2909461842188
4.705397717106059
214.084713478952
16.575638804541327
pause_8.mp3
69.8312977405896
3.6212984031957505
200.83083638549823
26.791947043956338
pause_9.mp3
77.4800717321973
6.604511501687413
209.23890057053708
45.04670215965552
