/home/sharer/all_robot_comedy/robot_comedy/2018-10-13 Cobbler Show/
pause_0.mp3
72.02812940534382
5.192901734024301
214.3534060144791
41.18574673961037
pause_1.mp3
80.78836666718902
10.275787823856241
204.58830023273657
35.4231037535246
pause_10.mp3
72.67825621965613
7.054670703024227
242.74419841904034
45.04841361898886
pause_11.mp3
76.50852773111764
6.924323785100885
205.37853187598387
52.44188481944675
pause_12.mp3
80.11442951554335
11.014374380146663
206.3840057464064
49.71050074705261
pause_13.mp3
71.01477236270966
3.839956177084506
161.3156242734204
0.793478740850019
pause_14.mp3
68.07076541215461
2.3053854936800775
263.45616437613
6.903016760083997
pause_15.mp3
73.9002037660233
8.13412980971354
172.0462484163199
77.69476528456038
pause_16.mp3
77.93453333465956
7.112369732815196
231.8701154682417
51.28845621305709
pause_17.mp3
70.63507798453952
2.757473361880225
177.77542429486402
12.916720226517107
pause_18.mp3
73.99637354422919
7.776553491395495
114.15994406767639
46.3687009888017
pause_19.mp3
74.800990478162
5.285391665444043
208.66204879554425
78.61049411472386
pause_2.mp3
75.60342492339204
8.2776398450328
223.46624952642065
42.28793105094929
pause_20.mp3
87.12790642976476
6.354566872474111
180.77947252991953
64.18046369844613
pause_21.mp3
83.71585287851737
9.184470518900223
266.4215030312825
19.302014692462997
pause_22.mp3
81.34021117089569
7.67521822160412
213.421362164371
61.51367972041184
pause_23.mp3
72.40737853907797
8.560581257328858
248.72742833940143
89.40534446989803
pause_24.mp3
77.20701194369592
10.057511724077873
251.2593661165504
70.25138367398561
pause_25.mp3
74.09227604603844
5.839243943113657
220.23957768722178
49.55389519492201
pause_26.mp3
73.69659351106029
5.728008481113231
214.63889949329587
35.25425997194111
pause_27.mp3
72.09489237786853
6.190621413382309
135.7277964030693
27.25374968091294
pause_28.mp3
75.81919483237226
5.98830927769166
186.9698500233209
69.976710729236
pause_29.mp3
84.48056452888572
8.964303291547694
203.46158787031285
63.14874567811967
pause_3.mp3
71.82412696313517
3.7683614705076556
234.00929984171108
37.17201031681166
pause_30.mp3
71.19968664143613
4.821425722879634
182.2569271741139
60.257665304753544
pause_31.mp3
74.20965564550146
8.269585693642751
175.0619461594686
55.74533604961046
pause_32.mp3
76.77748888611035
6.855552908422325
224.1223090257618
39.85732646625759
pause_33.mp3
73.50024418961594
4.218607248840349
172.58850208237368
50.470314808112974
pause_34.mp3
82.08732948563218
7.626386833247743
216.85691732745474
54.360525291042435
pause_4.mp3
87.10461570154337
9.38787435545341
196.0146718477611
60.46093844144715
pause_5.mp3
72.75272973794878
5.4397639662678205
195.1370498709592
43.79236937062198
pause_6.mp3
73.00271291716717
5.626940433120221
231.9171000640717
32.22923594018708
pause_7.mp3
81.84062293301754
10.636132899461225
197.43396253524426
36.7779852476994
pause_8.mp3
73.67573447739383
7.820548161690169
229.5808944582642
64.40690909900852
pause_9.mp3
78.19344137442279
8.50404623407081
214.19611912754561
43.94503666844065
