/home/sharer/all_robot_comedy/robot_comedy/2018-10-27 Columbo Show/
pause_0.mp3
70.07358786182883
3.107885489454509
104.99201379235595
41.040934582668356
pause_1.mp3
76.85329526482067
7.113840577053238
--undefined--
--undefined--
pause_10.mp3
71.32940074082481
3.7834726348851997
204.71378955247712
52.45853720485521
pause_11.mp3
71.77041433662802
2.754566010594643
225.33852637750576
10.086042818651165
pause_12.mp3
82.12918640207126
8.509297150634335
218.80761141923776
18.45692871399809
pause_13.mp3
69.74892851872886
1.8646144853838496
222.00605185053593
5.603146240634893
pause_14.mp3
72.29164634263267
4.764696634700812
194.61426816921704
29.276200874671993
pause_15.mp3
85.12341713225928
3.8644390363915706
187.2422554986466
49.6511882540785
pause_16.mp3
74.96851442430133
5.5284144958791765
248.51293379679487
38.91533556789463
pause_17.mp3
72.07410738853149
4.693213378162692
228.37806294880767
33.36295798565648
pause_18.mp3
69.02730041847839
1.70498342272282
--undefined--
--undefined--
pause_19.mp3
69.53545623464268
1.9629059542744423
89.97925466208657
0.8802664836487971
pause_2.mp3
69.45117669787794
1.3339330417760251
--undefined--
--undefined--
pause_20.mp3
73.89019550160987
6.202633985700591
240.2248524905044
31.332397324466946
pause_21.mp3
71.72435358151247
3.6072431528770394
218.40665008612157
47.712260098984366
pause_22.mp3
73.52263200943852
4.664369822437778
157.39060086253556
44.67336625150067
pause_23.mp3
72.28130000271024
4.328242089678925
274.24452903934184
2.0615972142559995
pause_24.mp3
71.43848921044014
3.594439239760954
213.22411798071357
16.040355006157824
pause_25.mp3
73.7734839770593
6.194732488352742
214.1066508753873
51.164403080369674
pause_26.mp3
76.33640019079296
5.004308786950441
252.62059221471222
40.75066172070209
pause_27.mp3
77.3463117083084
8.020976401044841
204.80096607419736
32.90324067410425
pause_28.mp3
71.4741453451863
4.668233786152921
250.75911073276646
36.13000353759311
pause_29.mp3
70.68337855988646
3.8984082047603303
--undefined--
--undefined--
pause_3.mp3
71.18196296921377
3.7493690464793157
194.5768861050532
40.95813430670815
pause_30.mp3
69.39280900155234
1.5493110474672513
257.0980057216926
3.5158384996763234
pause_31.mp3
69.46054449976977
1.8742606139158473
--undefined--
--undefined--
pause_32.mp3
68.65771586723439
1.5650046080633353
--undefined--
--undefined--
pause_33.mp3
72.61931609473405
5.865804462601716
232.56564972118264
97.85288710529757
pause_34.mp3
68.19641735882341
2.954986515799846
--undefined--
--undefined--
pause_35.mp3
68.96453693100318
1.2127701472387902
--undefined--
--undefined--
pause_36.mp3
86.56259834866658
3.9848146898955177
179.13857207465918
31.937106773036625
pause_4.mp3
81.56031056297081
8.307366982796115
237.5993087588875
8.915255675931904
pause_5.mp3
75.9684587463659
6.233241833869023
228.51952297996468
14.58419936354617
pause_6.mp3
72.25275659624627
3.927112510059992
186.33804787324172
59.10093466029128
pause_7.mp3
78.27244938608129
7.833911227624299
214.93280707156873
32.23163719492506
pause_8.mp3
76.81327573787479
7.335588208437546
223.50776704747017
56.30585832707552
pause_9.mp3
77.27450647843786
6.925460301007029
209.72633319698417
21.266710525682512
