/home/sharer/all_robot_comedy/robot_comedy/2018-11-13 Avocaduo Toast/
pause_0.mp3
73.58567291826937
6.086430540066494
163.19334065525808
41.8004900288587
pause_1.mp3
75.18196288838786
6.75454102272688
--undefined--
--undefined--
pause_10.mp3
68.58297693288719
2.0647269742421113
--undefined--
--undefined--
pause_11.mp3
73.11009200055739
6.362993494769159
174.49699611199117
36.77895997051278
pause_12.mp3
74.6788611802393
6.791607895502128
170.45166278193082
41.94017064928445
pause_13.mp3
69.40231381224447
1.9610198146566027
117.59666400783429
0.37522663941552814
pause_14.mp3
72.31564163953088
5.165848990907944
202.80401354993532
68.16643095863132
pause_15.mp3
73.0349890862634
4.38932825938872
229.0705879077085
19.90758844462151
pause_16.mp3
74.76972016258678
6.259732423289229
200.3184300621361
45.98420713768351
pause_17.mp3
73.92183288685312
5.246860064022773
174.89127139786436
68.44400431215215
pause_18.mp3
75.35650735239116
6.308998862201928
226.8898655601697
39.277203109208116
pause_19.mp3
76.56175221497932
6.968022691492941
226.10860563502098
37.862853410306585
pause_2.mp3
70.2585906777891
3.045959677529554
163.09659489305946
56.65133159118109
pause_20.mp3
71.96350210756728
4.987516190477902
236.98028099136735
38.18172202522327
pause_21.mp3
72.951324406917
7.027257923276988
221.75855909247602
48.4614108844628
pause_22.mp3
71.86582067834448
4.587087002780895
211.24997427503644
29.867036351308666
pause_23.mp3
69.26665902060272
1.8600175394150764
194.151212284695
4.308106779305494
pause_24.mp3
74.23369839091005
6.665333861788413
213.59688409356573
51.060981060168466
pause_25.mp3
74.75349664604384
7.116383855420707
202.68578050215714
46.45059341038898
pause_26.mp3
79.33080780490288
9.909711137803587
168.32052723436541
69.1267325912966
pause_3.mp3
84.328886874869
8.726182705672326
225.3193869592478
52.90125615556187
pause_4.mp3
73.44872192019089
6.428128437479999
185.52939701118234
53.539310881890266
pause_5.mp3
70.177742313838
1.9117722296274398
160.59377440398748
1.0225441149021075
pause_6.mp3
77.23437390497367
9.2547920411278
214.5602748749817
58.25768750207621
pause_7.mp3
71.45251373912413
4.172239440184934
206.79929771825132
48.752103375295235
pause_8.mp3
76.53017984823919
6.975036697037225
167.6558479053985
59.58462114695859
pause_9.mp3
69.05414321184253
1.3104476218086223
--undefined--
--undefined--
