/home/sharer/all_robot_comedy/robot_comedy/2018-12-11 Hashtags with Hattrick/
pause_0.mp3
72.53154219301827
5.610205331201355
203.06444604837247
41.874218714748864
pause_1.mp3
80.12490181908815
9.031086395213638
153.61355537943376
54.153786272373516
pause_10.mp3
72.67587114083463
3.3145446963841767
217.24730933983537
46.654093660969686
pause_11.mp3
85.35030809587977
5.093195812423353
205.65800346773992
39.87861063941475
pause_12.mp3
69.47455348424258
2.0684223136267463
249.19524088195263
6.586109855010533
pause_13.mp3
77.56211609534817
8.570499166388869
163.55171419721887
62.453583903161245
pause_14.mp3
75.75357941527491
7.811174984208037
194.3918560000897
61.135148152992095
pause_15.mp3
70.11691320772782
3.198972489793431
216.09291152847484
4.688620406368073
pause_16.mp3
67.36090383214298
2.092671732618268
--undefined--
--undefined--
pause_17.mp3
74.12565764405426
6.354921226210683
184.54071460921796
60.713609438679335
pause_18.mp3
74.63463954377715
5.974552377980993
211.56449704445492
53.67710291317624
pause_19.mp3
78.24245143387779
7.190514005819826
207.13862788920414
58.294973336814984
pause_2.mp3
69.10196901785744
2.2516732633327927
280.7462886737824
2.4774316418272395
pause_20.mp3
76.09810157904398
6.6740222146928865
186.03520876523015
52.128211254103896
pause_21.mp3
78.34711911546796
6.738042657353983
211.30840228679295
30.795441381000153
pause_22.mp3
75.44589947487225
7.224488132849902
255.05012753352483
40.47621543195057
pause_23.mp3
73.44262083684482
6.3951521658898685
208.4906890957434
52.39605543321776
pause_24.mp3
81.89404889319596
8.062218075987834
243.26239802492748
52.545274778867395
pause_25.mp3
79.55821814306027
8.626986424564759
210.4831411449747
54.29740130124987
pause_26.mp3
91.83231448307207
1.991583481990292
194.05586894983435
53.798860490902854
pause_3.mp3
81.97373454829228
10.501545131553739
203.92852333480957
34.84398630400488
pause_4.mp3
71.14006212365766
3.63499770193033
172.9393099653292
45.05341021923397
pause_5.mp3
71.98952291508114
4.653956428805845
226.18156678803587
40.62863715895027
pause_6.mp3
70.9959649755185
5.073816871540177
257.72980292647253
17.625558278650967
pause_7.mp3
77.46911872855706
7.666935978041269
212.44848668996
44.64164010413458
pause_8.mp3
81.08467372513557
7.050973589369588
185.36648788012823
47.16137198004399
pause_9.mp3
69.4671812191921
2.075659520718803
202.69786176135042
37.573207973620086
