/home/sharer/all_robot_comedy/robot_comedy/2018-12-1 Shitpost/
pause_0.mp3
87.276969549785
4.299955105066995
217.8365209933632
65.95449753294938
pause_1.mp3
81.56044148727365
8.22635910424337
222.50535219194455
40.20135163390633
pause_10.mp3
88.52756957160722
6.100772073633228
208.88014388923744
47.50145186393093
pause_11.mp3
81.1544368927455
8.85343651871804
230.59349672582553
25.21688983090535
pause_12.mp3
77.08845423428143
8.87786714156185
156.6341123397254
41.18034147062262
pause_13.mp3
74.78311373406936
6.158091221874667
207.5413963376065
39.94589377754694
pause_14.mp3
68.97722680104935
1.4157355446622415
--undefined--
--undefined--
pause_15.mp3
81.00451644191897
7.822445410086409
223.1164567051282
46.54873356646672
pause_16.mp3
78.22829654206267
8.183596998420056
238.2499806028478
16.61508645863947
pause_17.mp3
90.60417362694173
2.4153517764390458
196.08154069147818
44.513525588121276
pause_2.mp3
79.33068178486212
9.434250124716476
229.69053488196565
34.44540881120224
pause_3.mp3
83.1444022323334
10.266234211515156
187.7857735966505
50.847445594538264
pause_4.mp3
73.02496970938036
5.156525248571928
218.10779493766574
56.6457549248204
pause_5.mp3
76.46090234330585
7.309173877470205
237.56547684180947
52.39745976909254
pause_6.mp3
78.34077138606533
7.8985990965938395
213.4462867752385
75.75166320825356
pause_7.mp3
83.61859959732674
5.572873565187628
196.84041705631083
74.8563409990252
pause_8.mp3
79.76100220526725
9.333760505987179
199.54268304539326
71.12988869432068
pause_9.mp3
76.16467600099044
7.261799983522839
215.5551081326552
29.750814084378362
