/home/sharer/all_robot_comedy/robot_comedy/2018-07-21 Pasadena Media/
pause_0.mp3
72.29758227469395
3.8758454935427054
243.76934579723587
14.996803650132358
pause_1.mp3
72.55811346499988
6.032698266904916
246.9660249427898
49.02370647820288
pause_10.mp3
70.52830638486883
3.952760178694635
128.76445208575177
58.473259268255745
pause_11.mp3
70.68054226157348
3.3020640826962566
239.48095247935757
34.82766515538112
pause_12.mp3
70.91579896566505
3.843696854056148
216.6962008562066
52.520186896684656
pause_13.mp3
75.01554162822856
6.7637664381360185
238.86833794748003
43.97251101552656
pause_14.mp3
69.60877452085734
3.0193195921658047
238.1407960943958
3.3737400822941117
pause_15.mp3
70.62127817526545
4.104167569981759
176.48470720892746
78.18009844828845
pause_16.mp3
71.03876580159142
5.331487581588065
204.5237416112762
50.14522257060214
pause_17.mp3
69.33703568740144
3.0046193460455797
164.27947644386813
70.42190325684868
pause_18.mp3
75.06659525761181
6.529979036476126
162.76005119517404
55.576880954699966
pause_19.mp3
68.24541572295882
1.7008208862900576
--undefined--
--undefined--
pause_2.mp3
70.8113390248042
4.510487954662576
243.24727421946855
62.66339214430493
pause_20.mp3
69.16173611347085
2.4704327594318345
157.72699632673806
63.4556108700983
pause_21.mp3
71.86058269795339
4.325248003901221
196.59460320234342
45.36229792954023
pause_3.mp3
68.76862048441753
1.9755780797438565
276.8567386684042
19.94843599119785
pause_4.mp3
68.17819236003645
1.6852165620126491
--undefined--
--undefined--
pause_5.mp3
72.07081924303812
5.871257516661744
241.56223933400378
38.35137670953802
pause_6.mp3
70.65926250038706
4.51700597490509
193.8807500875403
74.30411808714673
pause_7.mp3
69.11358789056364
2.415711613543845
212.15547045988885
2.976311172830221
pause_8.mp3
69.54003666271656
2.8890142086537427
195.76785511745828
68.50446866066669
pause_9.mp3
69.36644268108952
3.1426269923955235
191.51742331983104
0.29423531667838637
