/home/sharer/all_robot_comedy/robot_comedy/2018-07-22 Yardwork/
pause_0.mp3
69.87276359550995
3.7462243312789876
165.51358120853567
3.452877086370886
pause_1.mp3
69.626916011608
2.869540025927097
202.7683821790189
10.991295245016422
pause_10.mp3
67.89440448945459
1.574248082646391
--undefined--
--undefined--
pause_11.mp3
68.23737631596441
2.6116850457446112
207.8152336183001
63.607069693257344
pause_12.mp3
67.9032348448084
2.0667410097885197
231.49895062434763
14.617675166807624
pause_13.mp3
67.69097669815919
1.5259645485068691
211.73654297788372
5.346894219081884
pause_14.mp3
68.05476730154837
1.6055036535962683
273.25973279167516
8.110069212033315
pause_15.mp3
68.31403752889365
1.8181425445832937
236.91105755427387
8.646827373139287
pause_16.mp3
68.3556730140666
1.9200000182409738
252.16230127234562
11.731828807464883
pause_17.mp3
72.83800402710526
5.044164489281442
230.89092019840044
45.87682646276229
pause_18.mp3
74.83567280938665
7.49371505528122
212.8149368814565
37.507352744671024
pause_19.mp3
74.84786677587564
5.783413762626582
215.03164948390042
66.18775424368002
pause_2.mp3
68.94442311806381
2.8772987919298867
215.23665257784586
29.76954069643536
pause_3.mp3
70.51566781742191
4.590547881808487
213.6450121747968
19.033806985381073
pause_4.mp3
68.57152552327067
2.4153622937603014
226.5654529417553
47.876760043533096
pause_5.mp3
68.80711891036941
2.4682900675306567
216.44032615147248
50.40914299027635
pause_6.mp3
68.12162967762458
1.7540999080105621
156.13515294044902
51.66647847108931
pause_7.mp3
68.43650517565203
2.138030825330566
217.7447029525184
19.48524241411226
pause_8.mp3
69.75871279993365
3.244636762833384
183.52205229059217
39.996883085952696
pause_9.mp3
68.32023106641408
2.072782669975891
197.32868060497296
2.4412374880068004
