/home/sharer/all_robot_comedy/robot_comedy/2018-07-25 Quantum Mic/
pause_0.mp3
73.22002555618134
4.238891616193481
206.50156015804137
64.07727144471909
pause_1.mp3
79.10208673324725
7.3147729967972515
217.27976648948268
43.23217101657501
pause_10.mp3
73.46418269209927
5.5889434629142665
225.61800310887367
26.181733703494494
pause_11.mp3
76.38053223183464
7.499317842543797
193.197537419
53.376531513425114
pause_12.mp3
85.96536818450167
5.245511904203243
188.21755770688395
28.911705029171532
pause_2.mp3
70.98163213204757
4.246372140353637
174.4203649425723
72.78948697178545
pause_3.mp3
70.77207561959474
2.7940505902540753
229.99152396100374
15.875222994126995
pause_4.mp3
69.64348650557135
2.100606400949722
175.9582642216456
1.0964051108908073
pause_5.mp3
71.2634497301288
4.313801652638884
194.90376432394012
25.7035968248508
pause_6.mp3
70.37771398161387
1.6761868642793514
--undefined--
--undefined--
pause_7.mp3
72.11764358842213
3.6944724411495593
190.3089073758106
41.10547365528238
pause_8.mp3
70.05056459176258
2.253830908399079
166.0214643441715
0.22461074722709345
pause_9.mp3
69.81151425281273
1.7629641302892045
160.0370162747447
3.549973522766043
