/home/sharer/all_robot_comedy/robot_comedy/2018-07-26 Giggle Bash/
pause_0.mp3
68.65472779210754
2.2142400777231352
252.8214401462912
4.751694788451583
pause_1.mp3
78.88245987623087
8.632537951004242
--undefined--
--undefined--
pause_10.mp3
70.4724605657004
4.526286127262232
192.39662385141392
49.12300089094167
pause_11.mp3
71.94211974420568
5.216198554069905
184.64068937759583
73.86455107981767
pause_12.mp3
70.18561736301348
3.5239193371693593
175.4750199946681
52.14680964088823
pause_13.mp3
67.65003979594536
1.4047883983214882
--undefined--
--undefined--
pause_14.mp3
69.14790440876139
3.0118215071084937
225.97283130646585
87.80115750587633
pause_15.mp3
73.59223282327238
6.862358585051946
229.18691758306983
42.23905353969054
pause_16.mp3
67.66696945785868
1.4331664909952155
--undefined--
--undefined--
pause_17.mp3
73.9500845669585
6.730651616645471
144.62096018794324
63.409455272638766
pause_18.mp3
75.238117076003
5.226978425398714
217.41294995093767
65.58762974233491
pause_19.mp3
72.72630923831314
5.832064919006865
191.30360184490624
56.37375910533811
pause_2.mp3
69.31688591054714
3.7389751029588765
216.40323626910896
40.870594474132304
pause_20.mp3
73.57172099931118
5.389542360667555
208.28621085707505
53.82562728149463
pause_21.mp3
72.3162694246326
6.554412814069963
193.31623688440445
58.335096358099555
pause_22.mp3
70.46688939996623
4.065773145943558
218.44234534391407
73.41850875066164
pause_23.mp3
68.70536512774923
2.6308689553203997
279.3608951416043
18.937516165229173
pause_24.mp3
73.96167456073101
7.9258627595069315
216.86111790867554
36.261058465405405
pause_25.mp3
74.93106784260684
7.42414852934314
221.47094607658696
51.12443670516503
pause_26.mp3
80.2818072623165
6.8281577001914915
217.15164798341138
54.268470377427555
pause_3.mp3
76.01495219046373
7.759303362439102
226.37433205877235
15.81368045640236
pause_4.mp3
73.68945482068337
7.77739609325152
217.5204475373291
57.76205347079759
pause_5.mp3
70.86227615107379
4.877070543348545
250.57728345949363
8.532076436127605
pause_6.mp3
72.35956676505148
5.704536873640976
231.65148958940512
20.436527060752564
pause_7.mp3
72.29219815614576
4.576588805346064
273.46770882692533
10.564120123407795
pause_8.mp3
76.78227860642303
8.458475475189703
223.12492437005878
81.59254262785755
pause_9.mp3
67.77198941635191
1.375611872061164
--undefined--
--undefined--
