/home/sharer/all_robot_comedy/robot_comedy/2018-07-26 Surprise Party/
pause_0.mp3
79.51375069918939
5.223607516082264
192.60371338449266
63.221717435840134
pause_1.mp3
87.53012586284395
5.596514305020199
--undefined--
--undefined--
pause_10.mp3
73.33239829394442
6.486907226719016
213.41472894861639
47.06350191998664
pause_11.mp3
67.7751751329042
1.3571345187135775
203.5524008634934
0.5948229726560388
pause_12.mp3
81.11742265531348
9.9201146960837
220.18721463671847
65.8205149848222
pause_2.mp3
75.00679242079374
7.848750391896724
205.16000109216856
51.7174141040646
pause_3.mp3
85.97681941958636
4.159731024400417
181.9362565982588
48.885560251465016
pause_4.mp3
78.95931168884523
8.0242783590307
216.10163211174978
45.55683646216518
pause_5.mp3
74.75238176476887
8.494399438264484
127.35333986404484
32.24537825314551
pause_6.mp3
72.44857390359923
6.868216423442452
197.86226418040295
57.56274712478724
pause_7.mp3
74.98002092023847
6.259428458630544
160.4014962699769
75.59732290524897
pause_8.mp3
69.32496161636341
3.4769308389242077
208.03498423673054
2.2087365022081356
pause_9.mp3
72.22176284835581
5.3913653897950455
217.87020106185605
22.48399432780711
